5.00 38.27
5.02 48.56
5.04 38.86
5.06 34.16
5.08 47.45
5.10 2.75
5.12 10.04
5.14 43.34
5.16 15.63
5.18 18.92
5.20 26.21
5.22 26.51
5.24 23.80
5.26 20.09
5.28 45.38
5.30 39.66
5.32 29.95
5.34 21.24
5.36 18.52
5.38 23.81
5.40 10.09
5.42 26.38
5.44 17.66
5.46 17.95
5.48 8.23
5.50 11.51
5.52 8.79
5.54 12.07
5.56 24.35
5.58 19.63
5.60 24.91
5.62 29.18
5.64 2.46
5.66 4.74
5.68 0.01
5.70 23.29
5.72 16.56
5.74 9.83
5.76 -2.89
5.78 12.38
5.80 12.65
5.82 12.92
5.84 -7.81
5.86 9.46
5.88 35.73
5.90 29.00
5.92 51.26
5.94 14.53
5.96 10.80
5.98 18.06
6.00 0.33
6.02 15.59
6.04 20.86
6.06 26.12
6.08 -8.62
6.10 -12.36
6.12 5.90
6.14 4.16
6.16 13.42
6.18 20.68
6.20 6.94
6.22 -4.80
6.24 5.46
6.26 -0.29
6.28 12.97
6.30 24.23
6.32 11.48
6.34 17.73
6.36 24.99
6.38 9.24
6.40 16.49
6.42 20.74
6.44 13.00
6.46 28.25
6.48 0.50
6.50 24.74
6.52 15.99
6.54 -10.76
6.56 14.49
6.58 5.74
6.60 1.98
6.62 2.23
6.64 2.47
6.66 0.72
6.68 6.96
6.70 1.20
6.72 -0.55
6.74 7.69
6.76 -0.07
6.78 10.17
6.80 17.41
6.82 -3.35
6.84 28.89
6.86 -0.87
6.88 3.36
6.90 11.60
6.92 11.84
6.94 -7.93
6.96 10.31
6.98 2.54
7.00 2.78
7.02 -0.99
7.04 7.24
7.06 -6.52
7.08 13.71
7.10 -8.06
7.12 -1.83
7.14 21.40
7.16 14.63
7.18 10.86
7.20 19.09
7.22 7.31
7.24 -12.46
7.26 17.77
7.28 9.99
7.30 -7.78
7.32 0.44
7.34 6.67
7.36 12.89
7.38 -2.88
7.40 5.34
7.42 -4.44
7.44 -2.22
7.46 8.00
7.48 -5.78
7.50 6.44
7.52 2.66
7.54 8.88
7.56 -8.90
7.58 5.32
7.60 3.54
7.62 7.75
7.64 -2.03
7.66 6.18
7.68 -26.60
7.70 -7.39
7.72 0.83
7.74 3.04
7.76 -10.75
7.78 -2.54
7.80 -17.32
7.82 5.89
7.84 -3.90
7.86 -5.69
7.88 2.52
7.90 -7.27
7.92 14.94
7.94 -6.86
7.96 1.35
7.98 3.56
8.00 7.76
8.02 7.97
8.04 12.17
8.06 -12.62
8.08 -8.42
8.10 10.79
8.12 -7.01
8.14 -2.81
8.16 -0.60
8.18 3.60
8.20 11.80
8.22 -4.00
8.24 14.20
8.26 4.40
8.28 -10.40
8.30 4.80
8.32 4.99
8.34 -4.81
8.36 -9.61
8.38 -16.42
8.40 3.78
8.42 -11.02
8.44 -6.83
8.46 12.37
8.48 -13.44
8.50 -3.25
8.52 -8.05
8.54 3.14
8.56 -12.67
8.58 -14.48
8.60 -11.29
8.62 3.90
8.64 -8.91
8.66 8.28
8.68 6.47
8.70 -8.34
8.72 6.85
8.74 -3.96
8.76 -10.78
8.78 3.41
8.80 1.60
8.82 -12.22
8.84 -3.03
8.86 0.15
8.88 8.33
8.90 -21.48
8.92 -4.30
8.94 -6.12
8.96 -13.93
8.98 -8.75
9.00 -1.57
9.02 -1.39
9.04 -8.21
9.06 3.97
9.08 -2.85
9.10 -2.67
9.12 -0.49
9.14 6.68
9.16 -7.14
9.18 -8.96
9.20 -3.78
9.22 -1.61
9.24 11.57
9.26 2.74
9.28 9.92
9.30 1.09
9.32 -12.74
9.34 -5.56
9.36 -15.39
9.38 -7.22
9.40 -9.04
9.42 5.13
9.44 -6.70
9.46 5.47
9.48 -9.36
9.50 -6.19
9.52 -8.02
9.54 1.15
9.56 1.31
9.58 -10.52
9.60 -3.35
9.62 -7.18
9.64 -3.02
9.66 9.15
9.68 7.31
9.70 -15.52
9.72 2.64
9.74 -2.19
9.76 0.97
9.78 5.14
9.80 -0.70
9.82 -1.54
9.84 -5.38
9.86 1.78
9.88 -8.05
9.90 -7.89
9.92 -21.73
9.94 -5.57
9.96 6.59
9.98 -8.25
10.00 0.90
10.02 5.06
10.04 5.22
10.06 7.38
10.08 -9.47
10.10 -4.31
10.12 -6.15
10.14 -6.00
10.16 -11.84
10.18 -13.69
10.20 -3.53
10.22 6.62
10.24 -13.23
10.26 -13.07
10.28 0.08
10.30 -2.77
10.32 -4.61
10.34 -4.46
10.36 -7.31
10.38 5.84
10.40 5.99
10.42 1.14
10.44 -3.71
10.46 -8.56
10.48 -21.41
10.50 -3.27
10.52 -3.12
10.54 4.03
10.56 -8.82
10.58 -2.68
10.60 5.47
10.62 2.61
10.64 -5.24
10.66 -17.10
10.68 -1.95
10.70 0.19
10.72 -13.66
10.74 -12.52
10.76 3.62
10.78 -13.23
10.80 0.91
10.82 -5.95
10.84 -14.81
10.86 -6.67
10.88 6.47
10.90 16.61
10.92 -5.25
10.94 -12.11
10.96 7.03
10.98 5.17
11.00 2.31
11.02 -2.55
11.04 -8.41
11.06 -4.28
11.08 0.86
11.10 -13.00
11.12 1.13
11.14 4.27
11.16 -1.60
11.18 11.54
11.20 -3.33
11.22 -10.19
11.24 -10.06
11.26 -11.93
11.28 -3.79
11.30 -15.66
11.32 -9.53
11.34 7.60
11.36 -22.26
11.38 -8.13
11.40 -3.00
11.42 -4.87
11.44 0.26
11.46 -5.61
11.48 -11.48
11.50 -11.35
11.52 -5.23
11.54 -14.10
11.56 6.03
11.58 20.16
11.60 9.29
11.62 -6.59
11.64 3.54
11.66 4.67
11.68 -3.21
11.70 -4.08
11.72 -20.96
11.74 -2.83
11.76 -2.71
11.78 -3.59
11.80 -2.46
11.82 2.66
11.84 -2.22
11.86 4.91
11.88 3.03
11.90 6.15
11.92 -1.73
11.94 -9.61
11.96 -4.48
11.98 -1.36
12.00 -1.24
12.02 8.88
12.04 -5.00
12.06 -1.89
12.08 4.23
12.10 -1.65
12.12 -1.53
12.14 -7.41
12.16 -15.29
12.18 1.82
12.20 -1.06
12.22 -6.94
12.24 -10.83
12.26 -0.71
12.28 -10.60
12.30 -3.48
12.32 -5.37
12.34 -0.25
12.36 7.86
12.38 -10.02
12.40 -4.91
12.42 -5.80
12.44 0.32
12.46 1.43
12.48 1.54
12.50 1.65
12.52 3.76
12.54 -4.13
12.56 0.99
12.58 -8.90
12.60 -5.79
12.62 -10.68
12.64 -16.57
12.66 -3.47
12.68 1.64
12.70 2.75
12.72 -1.14
12.74 1.97
12.76 -9.92
12.78 5.18
12.80 -11.71
12.82 -6.60
12.84 -3.50
12.86 -20.39
12.88 3.72
12.90 -11.18
12.92 -4.07
12.94 -1.97
12.96 3.14
12.98 -9.76
13.00 7.35
13.02 -5.55
13.04 -5.45
13.06 0.66
13.08 -10.24
13.10 -9.14
13.12 -8.04
13.14 -0.94
13.16 -13.83
13.18 -2.73
13.20 -1.63
13.22 12.47
13.24 -0.43
13.26 1.67
13.28 -1.23
13.30 -15.13
13.32 -7.03
13.34 2.07
13.36 2.17
13.38 -11.74
13.40 -8.64
13.42 -3.54
13.44 2.56
13.46 -7.35
13.48 -7.25
13.50 -3.15
13.52 -14.06
13.54 -7.96
13.56 -3.86
13.58 15.23
13.60 3.33
13.62 -13.58
13.64 -2.48
13.66 7.61
13.68 -10.30
13.70 -9.20
13.72 6.89
13.74 -6.02
13.76 7.08
13.78 -6.83
13.80 1.26
13.82 -5.65
13.84 -5.55
13.86 -5.46
13.88 7.63
13.90 -4.28
13.92 8.81
13.94 -11.10
13.96 -6.01
13.98 8.08
14.00 -5.83
14.02 1.26
14.04 16.35
14.06 -1.56
14.08 -5.47
14.10 -4.39
14.12 -3.30
14.14 8.79
14.16 -0.12
14.18 5.97
14.20 -0.95
14.22 9.14
14.24 -6.77
14.26 0.31
14.28 -2.60
14.30 3.48
14.32 -4.43
14.34 2.65
14.36 2.74
14.38 6.82
14.40 0.91
14.42 -8.01
14.44 -8.93
14.46 -9.84
14.48 10.24
14.50 0.32
14.52 -6.59
14.54 4.49
14.56 1.57
14.58 -3.35
14.60 -7.26
14.62 5.82
14.64 -6.10
14.66 -6.02
14.68 -11.94
14.70 2.14
14.72 4.22
14.74 -7.70
14.76 2.38
14.78 8.46
14.80 -1.46
14.82 -5.38
14.84 2.70
14.86 -1.22
14.88 5.85
14.90 -2.07
14.92 -4.99
14.94 -4.91
14.96 -11.84
14.98 -7.76
15.00 -0.68
15.02 15.40
15.04 -0.53
15.06 0.55
15.08 2.62
15.10 0.70
15.12 -4.23
15.14 -15.15
15.16 -4.08
15.18 -7.00
15.20 -4.93
15.22 -4.85
15.24 8.22
15.26 -0.70
15.28 -3.63
15.30 -4.56
15.32 -0.48
15.34 -8.41
15.36 -4.34
15.38 -10.27
15.40 4.81
15.42 -2.12
15.44 -5.05
15.46 -3.98
15.48 1.09
15.50 0.16
15.52 -1.77
15.54 -13.70
15.56 -1.63
15.58 1.45
15.60 1.51
15.62 18.58
15.64 -2.35
15.66 -8.28
15.68 -3.21
15.70 -7.14
15.72 7.93
15.74 2.00
15.76 -2.93
15.78 -10.87
15.80 -3.80
15.82 9.27
15.84 -0.66
15.86 -3.60
15.88 -6.53
15.90 -8.46
15.92 -2.40
15.94 8.67
15.96 2.74
15.98 -8.20
16.00 -0.13
16.02 3.93
16.04 2.00
16.06 9.06
16.08 -9.87
16.10 0.19
16.12 -0.74
16.14 -2.68
16.16 -1.62
16.18 -3.55
16.20 3.51
16.22 7.57
16.24 2.64
16.26 -1.30
16.28 0.76
16.30 -0.17
16.32 3.89
16.34 3.95
16.36 -1.99
16.38 -6.93
16.40 8.13
16.42 -2.80
16.44 0.26
16.46 -7.68
16.48 -4.62
16.50 -9.56
16.52 0.50
16.54 -7.44
16.56 -7.38
16.58 21.68
16.60 -8.26
16.62 10.80
16.64 -4.14
16.66 -0.08
16.68 -6.03
16.70 -1.97
16.72 -8.91
16.74 5.15
16.76 19.21
16.78 1.26
16.80 0.32
16.82 -4.62
16.84 0.44
16.86 -6.51
16.88 5.55
16.90 0.61
16.92 8.66
16.94 0.72
16.96 -5.22
16.98 -7.17
17.00 -3.11
17.02 2.94
17.04 1.00
17.06 3.05
17.08 0.11
17.10 -2.84
17.12 3.22
17.14 -4.73
17.16 -2.67
17.18 9.38
17.20 -5.57
17.22 3.49
17.24 3.54
17.26 2.59
17.28 -14.35
17.30 3.70
17.32 0.75
17.34 1.81
17.36 3.86
17.38 -4.09
17.40 -3.04
17.42 -2.99
17.44 -2.93
17.46 -3.88
17.48 0.17
17.50 8.22
17.52 1.27
17.54 -8.68
17.56 3.37
17.58 -1.58
17.60 -3.53
17.62 2.52
17.64 6.57
17.66 0.62
17.68 -5.33
17.70 -5.28
17.72 4.77
17.74 2.82
17.76 -3.13
17.78 2.92
17.80 11.97
17.82 8.02
17.84 5.06
17.86 7.11
17.88 4.16
17.90 12.21
17.92 8.26
17.94 15.30
17.96 12.35
17.98 18.40
18.00 12.44
18.02 35.49
18.04 25.54
18.06 37.58
18.08 32.63
18.10 47.68
18.12 63.72
18.14 97.77
18.16 113.82
18.18 123.86
18.20 158.91
18.22 169.95
18.24 218.00
18.26 234.04
18.28 265.09
18.30 265.13
18.32 272.18
18.34 248.22
18.36 206.26
18.38 182.31
18.40 140.35
18.42 114.40
18.44 95.44
18.46 64.48
18.48 43.53
18.50 52.57
18.52 36.61
18.54 33.65
18.56 16.70
18.58 8.74
18.60 9.78
18.62 5.82
18.64 6.87
18.66 4.91
18.68 5.95
18.70 13.99
18.72 10.03
18.74 7.07
18.76 13.12
18.78 10.16
18.80 -1.80
18.82 4.24
18.84 7.28
18.86 -0.68
18.88 13.36
18.90 1.40
18.92 -3.56
18.94 14.48
18.96 13.52
18.98 3.56
19.00 -0.40
19.02 5.64
19.04 0.68
19.06 -5.28
19.08 -0.25
19.10 -3.21
19.12 -10.17
19.14 3.87
19.16 0.91
19.18 6.95
19.20 -0.01
19.22 6.02
19.24 5.06
19.26 -0.90
19.28 0.14
19.30 11.17
19.32 7.21
19.34 -2.75
19.36 -5.72
19.38 1.32
19.40 6.36
19.42 6.40
19.44 -0.57
19.46 -2.53
19.48 0.50
19.50 0.54
19.52 -4.42
19.54 -7.39
19.56 -4.35
19.58 0.68
19.60 -3.28
19.62 1.75
19.64 -0.21
19.66 -8.18
19.68 -12.14
19.70 -0.11
19.72 -0.07
19.74 -9.04
19.76 -6.00
19.78 1.03
19.80 -0.93
19.82 3.10
19.84 0.13
19.86 -1.83
19.88 2.20
19.90 -3.77
19.92 -9.73
19.94 -7.70
19.96 -3.67
19.98 2.37
20.00 -0.60
20.02 -4.57
20.04 -1.53
20.06 7.50
20.08 11.53
20.10 -1.44
20.12 2.60
20.14 3.63
20.16 12.66
20.18 -0.31
20.20 5.72
20.22 -8.25
20.24 -1.21
20.26 -14.18
20.28 -2.15
20.30 -6.12
20.32 -3.09
20.34 1.94
20.36 -5.03
20.38 1.00
20.40 -5.97
20.42 3.06
20.44 -3.90
20.46 -8.87
20.48 10.16
20.50 8.19
20.52 -5.78
20.54 -4.75
20.56 2.27
20.58 -8.70
20.60 -7.67
20.62 -4.64
20.64 -5.61
20.66 -17.58
20.68 8.45
20.70 0.48
20.72 -0.49
20.74 -4.46
20.76 -6.43
20.78 -7.41
20.80 -1.38
20.82 -9.35
20.84 -6.32
20.86 -13.29
20.88 -7.27
20.90 1.76
20.92 -4.21
20.94 -1.18
20.96 -0.15
20.98 -1.13
21.00 2.90
21.02 0.93
21.04 -12.05
21.06 -3.02
21.08 -4.99
21.10 -5.96
21.12 -5.94
21.14 -12.91
21.16 -7.88
21.18 -2.86
21.20 2.17
21.22 -0.81
21.24 -6.78
21.26 0.25
21.28 2.27
21.30 5.30
21.32 -1.68
21.34 -12.65
21.36 -2.63
21.38 -1.60
21.40 -3.57
21.42 -12.55
21.44 2.48
21.46 -6.50
21.48 0.53
21.50 -5.45
21.52 0.57
21.54 -7.40
21.56 -9.38
21.58 -3.35
21.60 2.67
21.62 -1.30
21.64 0.72
21.66 0.75
21.68 -0.23
21.70 -6.21
21.72 -0.18
21.74 13.84
21.76 -5.14
21.78 9.89
21.80 -2.09
21.82 1.93
21.84 7.96
21.86 -0.02
21.88 2.00
21.90 0.03
21.92 -4.95
21.94 -2.93
21.96 -1.90
21.98 -4.88
22.00 -0.86
22.02 -1.84
22.04 4.19
22.06 -7.79
22.08 0.23
22.10 -0.75
22.12 -5.73
22.14 0.30
22.16 -4.68
22.18 5.34
22.20 1.36
22.22 4.38
22.24 -6.60
22.26 -10.57
22.28 -12.55
22.30 -8.53
22.32 -6.51
22.34 0.51
22.36 -4.47
22.38 0.55
22.40 -4.43
22.42 4.59
22.44 -15.39
22.46 -0.37
22.48 -0.35
22.50 -12.32
22.52 -0.30
22.54 1.72
22.56 -4.26
22.58 -11.24
22.60 3.78
22.62 -0.20
22.64 0.82
22.66 -8.16
22.68 0.86
22.70 -0.13
22.72 5.89
22.74 -2.09
22.76 9.93
22.78 -5.05
22.80 -0.03
22.82 4.99
22.84 2.01
22.86 -4.97
22.88 -4.95
22.90 -4.93
22.92 -3.91
22.94 -9.90
22.96 0.12
22.98 -0.86
23.00 -4.84
23.02 -0.82
23.04 1.20
23.06 0.21
23.08 -0.77
23.10 -0.75
23.12 -4.73
23.14 -6.71
23.16 2.30
23.18 -5.68
23.20 -4.66
23.22 -5.64
23.24 -0.62
23.26 5.39
23.28 -6.59
23.30 0.43
23.32 4.44
23.34 -9.54
23.36 -4.52
23.38 5.50
23.40 0.51
23.42 2.53
23.44 -10.45
23.46 -1.44
23.48 -1.42
23.50 -5.40
23.52 5.61
23.54 0.63
23.56 -4.35
23.58 -3.34
23.60 5.68
23.62 5.70
23.64 -1.29
23.66 4.73
23.68 5.74
23.70 -9.24
23.72 3.78
23.74 0.79
23.76 9.81
23.78 -3.18
23.80 -2.16
23.82 1.85
23.84 5.87
23.86 -2.11
23.88 1.90
23.90 -7.08
23.92 2.93
23.94 0.95
23.96 12.96
23.98 5.98
24.00 -3.01
24.02 1.01
24.04 5.02
24.06 -0.96
24.08 -0.95
24.10 -2.93
24.12 5.08
24.14 -10.90
24.16 0.11
24.18 -2.87
24.20 -5.86
24.22 -0.85
24.24 -12.83
24.26 -9.82
24.28 -1.80
24.30 -2.79
24.32 1.22
24.34 -1.76
24.36 -1.75
24.38 4.27
24.40 -2.72
24.42 -0.71
24.44 6.31
24.46 4.32
24.48 -5.66
24.50 11.35
24.52 0.36
24.54 -3.62
24.56 -5.61
24.58 -2.60
24.60 1.42
24.62 0.43
24.64 -9.56
24.66 1.46
24.68 -3.53
24.70 0.48
24.72 3.49
24.74 -5.49
24.76 -5.48
24.78 -9.47
24.80 -4.45
24.82 -5.44
24.84 -8.43
24.86 -3.42
24.88 -8.40
24.90 4.61
24.92 -6.38
24.94 -3.37
24.96 -1.35
24.98 -0.34
25.00 -3.33
25.02 -1.32
25.04 10.69
25.06 0.71
25.08 -3.28
25.10 -3.27
25.12 4.74
25.14 -1.25
25.16 6.77
25.18 -9.22
25.20 5.79
25.22 -5.20
25.24 -1.19
25.26 -1.18
25.28 -0.16
25.30 1.85
25.32 -5.14
25.34 2.87
25.36 1.88
25.38 -5.11
25.40 6.90
25.42 4.91
25.44 -15.07
25.46 -8.06
25.48 0.95
25.50 -0.04
25.52 -2.03
25.54 5.98
25.56 -0.01
25.58 -4.00
25.60 0.01
25.62 -2.98
25.64 -4.97
25.66 -8.96
25.68 -7.94
25.70 -4.93
25.72 -7.92
25.74 1.09
25.76 -4.90
25.78 1.11
25.80 -1.88
25.82 -1.87
25.84 -1.86
25.86 0.15
25.88 0.16
25.90 -2.83
25.92 6.18
25.94 -7.81
25.96 0.20
25.98 -4.79
26.00 2.22
26.02 -2.77
26.04 -5.76
26.06 -3.75
26.08 -8.74
26.10 2.27
26.12 -2.72
26.14 -2.71
26.16 -0.70
26.18 -0.69
26.20 6.31
26.22 1.32
26.24 1.33
26.26 -9.66
26.28 -4.65
26.30 7.36
26.32 -7.63
26.34 4.38
26.36 -5.61
26.38 -0.60
26.40 4.41
26.42 -1.58
26.44 1.43
26.46 0.43
26.48 -2.56
26.50 4.45
26.52 -3.54
26.54 -7.53
26.56 -7.52
26.58 -7.51
26.60 -9.50
26.62 2.50
26.64 -8.49
26.66 -12.48
26.68 -1.47
26.70 -8.46
26.72 6.55
26.74 -5.44
26.76 5.56
26.78 -1.43
26.80 -14.42
26.82 -5.41
26.84 -3.40
26.86 4.61
26.88 -1.39
26.90 -3.38
26.92 -3.37
26.94 3.64
26.96 -0.35
26.98 2.65
27.00 -8.34
27.02 4.67
27.04 -1.32
27.06 -1.31
27.08 -2.31
27.10 6.70
27.12 5.71
27.14 -5.28
27.16 -7.28
27.18 -11.27
27.20 -5.26
27.22 -4.25
27.24 -0.24
27.26 -2.24
27.28 -3.23
27.30 -14.22
27.32 1.79
27.34 0.79
27.36 -2.20
27.38 -8.19
27.40 2.82
27.42 -1.18
27.44 -0.17
27.46 -12.16
27.48 -3.16
27.50 -2.15
27.52 3.86
27.54 0.87
27.56 5.87
27.58 -3.12
27.60 -7.11
27.62 -5.11
27.64 -0.10
27.66 -7.09
27.68 -4.09
27.70 0.92
27.72 0.93
27.74 -12.06
27.76 -5.06
27.78 -7.05
27.80 4.96
27.82 -1.04
27.84 -14.03
27.86 -4.02
27.88 -8.02
27.90 7.99
27.92 -8.00
27.94 -8.00
27.96 -8.99
27.98 -1.98
28.00 -10.98
28.02 -3.97
28.04 0.04
28.06 -3.96
28.08 -1.95
28.10 -7.95
28.12 1.06
28.14 -0.93
28.16 -2.93
28.18 -6.92
28.20 -6.91
28.22 -2.91
28.24 0.10
28.26 -1.90
28.28 -2.89
28.30 -8.88
28.32 1.12
28.34 3.13
28.36 -8.87
28.38 -6.86
28.40 2.15
28.42 -4.85
28.44 -4.84
28.46 -1.84
28.48 -6.83
28.50 0.18
28.52 -0.82
28.54 5.19
28.56 13.19
28.58 -0.80
28.60 -3.79
28.62 -8.79
28.64 -2.78
28.66 8.22
28.68 0.23
28.70 -7.77
28.72 3.24
28.74 -7.75
28.76 4.25
28.78 5.26
28.80 -4.74
28.82 6.27
28.84 -0.73
28.86 4.28
28.88 9.28
28.90 6.29
28.92 0.29
28.94 2.30
28.96 8.31
28.98 2.31
29.00 -2.68
29.02 -3.68
29.04 3.33
29.06 -3.67
29.08 6.34
29.10 2.34
29.12 -0.65
29.14 3.35
29.16 5.36
29.18 8.36
29.20 10.37
29.22 -1.63
29.24 8.38
29.26 3.38
29.28 0.39
29.30 2.39
29.32 3.40
29.34 13.40
29.36 19.41
29.38 5.41
29.40 19.42
29.42 8.42
29.44 8.43
29.46 22.43
29.48 29.44
29.50 13.44
29.52 23.45
29.54 19.45
29.56 19.46
29.58 32.46
29.60 32.47
29.62 41.47
29.64 36.48
29.66 41.48
29.68 51.49
29.70 55.49
29.72 49.50
29.74 76.50
29.76 78.51
29.78 62.51
29.80 115.52
29.82 124.52
29.84 129.52
29.86 174.53
29.88 192.53
29.90 198.54
29.92 268.54
29.94 303.55
29.96 348.55
29.98 412.56
30.00 500.56
30.02 561.57
30.04 611.57
30.06 683.57
30.08 754.58
30.10 754.58
30.12 732.59
30.14 688.59
30.16 721.60
30.18 621.60
30.20 561.60
30.22 468.61
30.24 404.61
30.26 325.62
30.28 285.62
30.30 268.63
30.32 198.63
30.34 198.63
30.36 155.64
30.38 134.64
30.40 117.65
30.42 115.65
30.44 105.66
30.46 90.66
30.48 78.66
30.50 66.67
30.52 70.67
30.54 43.68
30.56 55.68
30.58 48.68
30.60 41.69
30.62 48.69
30.64 35.70
30.66 19.70
30.68 20.70
30.70 29.71
30.72 23.71
30.74 19.72
30.76 27.72
30.78 14.72
30.80 29.73
30.82 6.73
30.84 22.74
30.86 18.74
30.88 4.74
30.90 8.75
30.92 4.75
30.94 19.76
30.96 8.76
30.98 15.76
31.00 8.77
31.02 10.77
31.04 -6.22
31.06 3.78
31.08 9.78
31.10 -1.21
31.12 8.79
31.14 8.79
31.16 7.80
31.18 2.80
31.20 -4.19
31.22 8.81
31.24 -2.19
31.26 -1.18
31.28 0.82
31.30 2.82
31.32 4.83
31.34 1.83
31.36 -0.16
31.38 2.84
31.40 -0.16
31.42 -3.15
31.44 0.85
31.46 2.85
31.48 7.86
31.50 3.86
31.52 1.86
31.54 6.87
31.56 1.87
31.58 -1.12
31.60 5.88
31.62 1.88
31.64 -7.11
31.66 -2.11
31.68 -0.11
31.70 5.90
31.72 0.90
31.74 -0.10
31.76 6.91
31.78 10.91
31.80 1.91
31.82 -3.08
31.84 -0.08
31.86 2.93
31.88 -2.07
31.90 0.93
31.92 6.94
31.94 6.94
31.96 8.94
31.98 -2.05
32.00 -0.05
32.02 -2.05
32.04 1.96
32.06 1.96
32.08 3.96
32.10 8.97
32.12 3.97
32.14 -3.03
32.16 8.98
32.18 0.98
32.20 4.98
32.22 3.99
32.24 9.99
32.26 8.99
32.28 6.00
32.30 -2.00
32.32 -1.00
32.34 5.01
32.36 5.01
32.38 -3.99
32.40 -2.98
32.42 6.02
32.44 -10.98
32.46 9.03
32.48 8.03
32.50 -6.97
32.52 3.04
32.54 4.04
32.56 1.04
32.58 5.05
32.60 1.05
32.62 -2.95
32.64 1.06
32.66 -5.94
32.68 0.06
32.70 2.07
32.72 9.07
32.74 0.07
32.76 -5.92
32.78 -5.92
32.80 -6.92
32.82 1.09
32.84 -5.91
32.86 9.09
32.88 -0.90
32.90 -6.90
32.92 1.10
32.94 2.11
32.96 -9.89
32.98 -2.89
33.00 -1.88
33.02 -0.88
33.04 -1.88
33.06 2.12
33.08 3.13
33.10 3.13
33.12 2.13
33.14 7.14
33.16 -1.86
33.18 -1.86
33.20 -0.85
33.22 3.15
33.24 4.15
33.26 3.16
33.28 0.16
33.30 -0.84
33.32 9.17
33.34 -6.83
33.36 -3.83
33.38 -3.82
33.40 5.18
33.42 -2.82
33.44 10.19
33.46 0.19
33.48 -3.81
33.50 2.19
33.52 4.20
33.54 2.20
33.56 10.20
33.58 -6.79
33.60 3.21
33.62 7.21
33.64 -3.78
33.66 1.22
33.68 14.22
33.70 -0.77
33.72 5.23
33.74 2.23
33.76 5.24
33.78 6.24
33.80 3.24
33.82 5.24
33.84 8.25
33.86 15.25
33.88 -1.75
33.90 9.26
33.92 9.26
33.94 9.26
33.96 10.27
33.98 11.27
34.00 2.27
34.02 9.28
34.04 13.28
34.06 8.28
34.08 9.29
34.10 11.29
34.12 9.29
34.14 8.29
34.16 15.30
34.18 19.30
34.20 3.30
34.22 17.31
34.24 19.31
34.26 15.31
34.28 15.32
34.30 20.32
34.32 10.32
34.34 23.33
34.36 20.33
34.38 16.33
34.40 7.33
34.42 19.34
34.44 19.34
34.46 44.34
34.48 30.35
34.50 23.35
34.52 34.35
34.54 37.36
34.56 26.36
34.58 33.36
34.60 44.37
34.62 31.37
34.64 36.37
34.66 65.37
34.68 59.38
34.70 45.38
34.72 67.38
34.74 65.39
34.76 44.39
34.78 77.39
34.80 91.40
34.82 89.40
34.84 81.40
34.86 98.41
34.88 106.41
34.90 106.41
34.92 125.42
34.94 161.42
34.96 133.42
34.98 151.42
35.00 159.43
35.02 181.43
35.04 193.43
35.06 229.44
35.08 272.44
35.10 338.44
35.12 330.45
35.14 405.45
35.16 413.45
35.18 478.46
35.20 553.46
35.22 632.46
35.24 789.47
35.26 829.47
35.28 944.47
35.30 1099.47
35.32 1309.48
35.34 1421.48
35.36 1658.48
35.38 1834.49
35.40 2047.49
35.42 2139.49
35.44 2358.50
35.46 2527.50
35.48 2397.50
35.50 2407.51
35.52 2223.51
35.54 2011.51
35.56 1869.52
35.58 1609.52
35.60 1490.52
35.62 1209.53
35.64 1105.53
35.66 1013.53
35.68 835.53
35.70 738.54
35.72 673.54
35.74 582.54
35.76 538.55
35.78 434.55
35.80 418.55
35.82 357.56
35.84 326.56
35.86 301.56
35.88 266.57
35.90 233.57
35.92 202.57
35.94 173.58
35.96 190.58
35.98 170.58
36.00 146.59
36.02 123.59
36.04 133.59
36.06 95.60
36.08 121.60
36.10 85.60
36.12 63.61
36.14 69.61
36.16 65.61
36.18 56.62
36.20 71.62
36.22 61.62
36.24 63.62
36.26 24.63
36.28 47.63
36.30 39.63
36.32 30.64
36.34 42.64
36.36 42.64
36.38 44.65
36.40 37.65
36.42 34.65
36.44 30.66
36.46 36.66
36.48 27.66
36.50 27.67
36.52 21.67
36.54 23.67
36.56 20.68
36.58 20.68
36.60 42.68
36.62 23.69
36.64 39.69
36.66 14.69
36.68 28.70
36.70 36.70
36.72 24.70
36.74 30.71
36.76 24.71
36.78 54.71
36.80 41.72
36.82 41.72
36.84 31.72
36.86 42.73
36.88 63.73
36.90 63.73
36.92 69.74
36.94 81.74
36.96 83.74
36.98 113.75
37.00 113.75
37.02 130.75
37.04 130.76
37.06 135.76
37.08 161.76
37.10 167.77
37.12 148.77
37.14 173.77
37.16 143.78
37.18 109.78
37.20 128.78
37.22 123.79
37.24 75.79
37.26 81.79
37.28 65.80
37.30 58.80
37.32 52.81
37.34 44.81
37.36 36.81
37.38 39.82
37.40 28.82
37.42 20.82
37.44 14.83
37.46 11.83
37.48 10.83
37.50 20.84
37.52 9.84
37.54 15.84
37.56 0.85
37.58 9.85
37.60 1.85
37.62 8.86
37.64 3.86
37.66 7.86
37.68 -1.13
37.70 -3.13
37.72 1.87
37.74 -3.12
37.76 -0.12
37.78 5.89
37.80 -9.11
37.82 1.89
37.84 -5.10
37.86 -10.10
37.88 -5.10
37.90 -1.09
37.92 -5.09
37.94 0.91
37.96 -3.08
37.98 -1.08
38.00 9.92
38.02 -0.07
38.04 0.93
38.06 -1.06
38.08 -6.06
38.10 -0.06
38.12 -5.05
38.14 -1.05
38.16 -2.05
38.18 -10.04
38.20 -2.04
38.22 -7.04
38.24 -0.03
38.26 -2.03
38.28 0.98
38.30 -12.02
38.32 -6.02
38.34 -2.01
38.36 -6.01
38.38 -10.01
38.40 -6.00
38.42 1.00
38.44 -2.00
38.46 -0.99
38.48 2.01
38.50 2.02
38.52 -2.98
38.54 -6.98
38.56 -5.97
38.58 -0.97
38.60 -6.97
38.62 -4.96
38.64 -12.96
38.66 -1.95
38.68 -1.95
38.70 -8.95
38.72 -9.94
38.74 -2.94
38.76 -5.94
38.78 -6.93
38.80 -6.93
38.82 -6.92
38.84 -5.92
38.86 3.08
38.88 -14.91
38.90 -8.91
38.92 -9.91
38.94 -5.90
38.96 -2.90
38.98 -8.89
39.00 -2.89
39.02 -2.89
39.04 -4.88
39.06 -1.88
39.08 4.13
39.10 -11.87
39.12 -6.87
39.14 -5.86
39.16 -11.86
39.18 -9.86
39.20 -8.85
39.22 -6.85
39.24 -8.84
39.26 -11.84
39.28 -11.84
39.30 -8.83
39.32 -9.83
39.34 -4.82
39.36 -6.82
39.38 -1.82
39.40 -12.81
39.42 6.19
39.44 -1.80
39.46 -9.80
39.48 -9.80
39.50 0.21
39.52 -6.79
39.54 -11.79
39.56 -8.78
39.58 -8.78
39.60 -11.77
39.62 -9.77
39.64 -9.77
39.66 -2.76
39.68 -5.76
39.70 -5.75
39.72 -6.75
39.74 -1.75
39.76 -8.74
39.78 -5.74
39.80 -9.73
39.82 -5.73
39.84 -8.73
39.86 -5.72
39.88 -5.72
39.90 -11.71
39.92 -8.71
39.94 -9.70
39.96 -4.70
39.98 -12.70
40.00 1.31
40.02 -4.69
40.04 -4.68
40.06 -2.68
40.08 -14.68
40.10 -9.67
40.12 -5.67
40.14 -4.66
40.16 -8.66
40.18 -5.66
40.20 -8.65
40.22 -6.65
40.24 -9.64
40.26 -0.64
40.28 -8.64
40.30 -5.63
40.32 -6.63
40.34 -11.62
40.36 -8.62
40.38 -6.61
40.40 -5.61
40.42 -4.61
40.44 -5.60
40.46 -5.60
40.48 -4.59
40.50 2.41
40.52 -9.59
40.54 -4.58
40.56 -8.58
40.58 -5.57
40.60 -2.57
40.62 -4.56
40.64 -16.56
40.66 -8.56
40.68 -5.55
40.70 -1.55
40.72 -9.54
40.74 -11.54
40.76 -5.53
40.78 -8.53
40.80 -6.53
40.82 -4.52
40.84 -4.52
40.86 -2.51
40.88 -14.51
40.90 -14.50
40.92 -8.50
40.94 -11.50
40.96 -0.49
40.98 -1.49
41.00 -9.48
41.02 -14.48
41.04 -0.47
41.06 -9.47
41.08 -5.47
41.10 -5.46
41.12 -9.46
41.14 -6.45
41.16 -0.45
41.18 -1.44
41.20 -11.44
41.22 -11.44
41.24 -1.43
41.26 -14.43
41.28 -5.42
41.30 -8.42
41.32 -9.41
41.34 0.59
41.36 -5.40
41.38 -5.40
41.40 -5.40
41.42 -8.39
41.44 -5.39
41.46 -9.38
41.48 -1.38
41.50 -1.37
41.52 -12.37
41.54 -4.36
41.56 -2.36
41.58 -11.36
41.60 -6.35
41.62 -9.35
41.64 -12.34
41.66 -0.34
41.68 -6.33
41.70 2.67
41.72 5.68
41.74 -9.32
41.76 1.68
41.78 -11.31
41.80 0.69
41.82 -2.30
41.84 -5.30
41.86 -11.29
41.88 2.71
41.90 -6.28
41.92 -9.28
41.94 2.73
41.96 -5.27
41.98 -5.27
42.00 -9.26
42.02 0.74
42.04 0.75
42.06 8.75
42.08 -4.24
42.10 -2.24
42.12 3.77
42.14 3.77
42.16 -1.22
42.18 -6.22
42.20 3.79
42.22 8.79
42.24 3.79
42.26 2.80
42.28 8.80
42.30 3.81
42.32 10.81
42.34 6.82
42.36 4.82
42.38 3.83
42.40 11.83
42.42 14.84
42.44 10.84
42.46 16.85
42.48 18.85
42.50 34.86
42.52 17.86
42.54 28.86
42.56 18.87
42.58 31.87
42.60 28.88
42.62 37.88
42.64 40.89
42.66 53.89
42.68 64.90
42.70 53.90
42.72 72.91
42.74 80.91
42.76 72.92
42.78 78.92
42.80 114.93
42.82 107.93
42.84 141.94
42.86 154.94
42.88 176.94
42.90 209.95
42.92 203.95
42.94 237.96
42.96 273.96
42.98 320.97
43.00 374.97
43.02 362.98
43.04 448.98
43.06 466.99
43.08 516.99
43.10 526.00
43.12 517.00
43.14 498.01
43.16 476.01
43.18 424.02
43.20 395.02
43.22 371.03
43.24 332.03
43.26 303.04
43.28 271.04
43.30 244.05
43.32 225.05
43.34 207.06
43.36 180.06
43.38 148.07
43.40 135.07
43.42 120.08
43.44 91.08
43.46 108.08
43.48 81.09
43.50 69.09
43.52 61.10
43.54 89.10
43.56 60.11
43.58 38.11
43.60 38.12
43.62 56.12
43.64 29.13
43.66 41.13
43.68 38.14
43.70 19.14
43.72 29.15
43.74 19.15
43.76 26.16
43.78 22.16
43.80 21.17
43.82 4.17
43.84 17.18
43.86 3.18
43.88 6.19
43.90 15.19
43.92 4.20
43.94 5.20
43.96 3.21
43.98 7.21
44.00 -4.78
44.02 3.22
44.04 -1.77
44.06 0.23
44.08 12.24
44.10 -8.76
44.12 -0.75
44.14 -7.75
44.16 -3.74
44.18 -5.74
44.20 -0.73
44.22 -7.73
44.24 -7.72
44.26 -3.72
44.28 -1.71
44.30 0.29
44.32 4.30
44.34 -3.70
44.36 5.31
44.38 -4.69
44.40 -4.68
44.42 -11.68
44.44 -4.67
44.46 -7.67
44.48 -8.66
44.50 -4.66
44.52 -7.65
44.54 2.35
44.56 -1.64
44.58 -5.64
44.60 -4.63
44.62 -4.63
44.64 -7.62
44.66 -4.61
44.68 -8.61
44.70 -4.60
44.72 -4.60
44.74 -10.59
44.76 -1.59
44.78 0.42
44.80 -10.58
44.82 -4.57
44.84 -8.57
44.86 -13.56
44.88 -8.56
44.90 -10.55
44.92 -0.55
44.94 -8.54
44.96 -0.54
44.98 -7.53
45.00 -4.53
45.02 -3.52
45.04 -0.52
45.06 -8.51
45.08 -10.51
45.10 -10.50
45.12 0.50
45.14 -13.49
45.16 -10.49
45.18 -10.48
45.20 -7.48
45.22 -10.47
45.24 8.53
45.26 -1.46
45.28 -7.46
45.30 -5.45
45.32 -10.44
45.34 -4.44
45.36 -10.43
45.38 -14.43
45.40 -4.42
45.42 -1.42
45.44 -11.41
45.46 -10.41
45.48 -1.40
45.50 -8.40
45.52 -8.39
45.54 -14.39
45.56 -8.38
45.58 -14.38
45.60 -10.37
45.62 -10.37
45.64 -7.36
45.66 -11.36
45.68 -1.35
45.70 -1.35
45.72 -8.34
45.74 -8.33
45.76 -4.33
45.78 -10.32
45.80 -8.32
45.82 -11.31
45.84 -5.31
45.86 -4.30
45.88 -10.30
45.90 -0.29
45.92 -11.29
45.94 -5.28
45.96 -8.28
45.98 -4.27
46.00 -7.27
46.02 -5.26
46.04 -15.26
46.06 -4.25
46.08 -7.24
46.10 -8.24
46.12 -10.23
46.14 -11.23
46.16 -3.22
46.18 -13.22
46.20 -13.21
46.22 -4.21
46.24 -14.20
46.26 -8.20
46.28 -8.19
46.30 -5.19
46.32 -11.18
46.34 -10.18
46.36 -3.17
46.38 -11.16
46.40 -10.16
46.42 -10.15
46.44 -8.15
46.46 -7.14
46.48 -7.14
46.50 -16.13
46.52 -7.13
46.54 -7.12
46.56 -7.12
46.58 -10.11
46.60 -14.11
46.62 -4.10
46.64 -10.09
46.66 0.91
46.68 -1.08
46.70 -8.08
46.72 -8.07
46.74 -5.07
46.76 -10.06
46.78 -8.06
46.80 -4.05
46.82 -5.05
46.84 -7.04
46.86 -8.04
46.88 -8.03
46.90 -10.02
46.92 -7.02
46.94 -5.01
46.96 -8.01
46.98 3.00
47.00 1.00
47.02 -3.99
47.04 -3.99
47.06 1.02
47.08 4.02
47.10 -2.97
47.12 -3.97
47.14 4.04
47.16 -0.95
47.18 -3.95
47.20 3.06
47.22 -3.94
47.24 7.07
47.26 -2.93
47.28 4.08
47.30 -3.92
47.32 -7.91
47.34 0.09
47.36 -9.90
47.38 -0.89
47.40 -4.89
47.42 -7.88
47.44 -3.88
47.46 -0.87
47.48 -9.87
47.50 -7.86
47.52 -7.86
47.54 -6.85
47.56 -3.85
47.58 -6.84
47.60 -7.83
47.62 -7.83
47.64 -4.82
47.66 -13.82
47.68 -10.81
47.70 -9.81
47.72 -13.80
47.74 -2.80
47.76 -6.79
47.78 -6.79
47.80 -6.78
47.82 -3.77
47.84 -10.77
47.86 4.24
47.88 -4.76
47.90 -6.75
47.92 -10.75
47.94 -3.74
47.96 -6.74
47.98 -9.73
48.00 -13.73
48.02 0.28
48.04 -6.71
48.06 -13.71
48.08 -3.70
48.10 -7.70
48.12 -9.69
48.14 -9.69
48.16 -4.68
48.18 -3.68
48.20 -7.67
48.22 -7.67
48.24 -3.66
48.26 -9.65
48.28 -12.65
48.30 -7.64
48.32 -3.64
48.34 -9.63
48.36 1.37
48.38 -12.62
48.40 -3.62
48.42 -4.61
48.44 -3.60
48.46 -9.60
48.48 -6.59
48.50 -7.59
48.52 -7.58
48.54 4.42
48.56 -12.57
48.58 -9.57
48.60 -7.56
48.62 -9.56
48.64 -9.55
48.66 -12.54
48.68 -12.54
48.70 -4.53
48.72 0.47
48.74 -3.52
48.76 -9.52
48.78 -7.51
48.80 -3.51
48.82 -6.50
48.84 -7.49
48.86 -6.49
48.88 -4.48
48.90 -2.48
48.92 -9.47
48.94 -15.47
48.96 -3.46
48.98 -10.46
49.00 -9.45
49.02 -7.45
49.04 -4.44
49.06 -12.43
49.08 -3.43
49.10 -12.42
49.12 -10.42
49.14 -9.41
49.16 -3.41
49.18 -4.40
49.20 -14.40
49.22 -3.39
49.24 -7.38
49.26 -3.38
49.28 -7.37
49.30 -12.37
49.32 -9.36
49.34 -10.36
49.36 -14.35
49.38 -3.35
49.40 -9.34
49.42 -4.34
49.44 -9.33
49.46 -9.32
49.48 -9.32
49.50 -7.31
49.52 -4.31
49.54 -0.30
49.56 -7.30
49.58 -10.29
49.60 -6.29
49.62 -13.28
49.64 -10.27
49.66 -13.27
49.68 -9.26
49.70 -9.26
49.72 -3.25
49.74 -9.25
49.76 -2.24
49.78 -6.24
49.80 -10.23
49.82 -7.23
49.84 -0.22
49.86 -0.21
49.88 -9.21
49.90 -7.20
49.92 -3.20
49.94 -12.19
49.96 -4.19
49.98 -12.18
50.00 -2.18
50.02 -6.17
50.04 -9.16
50.06 -7.16
50.08 -4.15
50.10 -7.15
50.12 -7.14
50.14 -7.14
50.16 -4.13
50.18 -12.13
50.20 -9.12
50.22 -13.12
50.24 -6.11
50.26 -2.10
50.28 -9.10
50.30 -9.09
50.32 -3.09
50.34 -4.08
50.36 -0.08
50.38 -7.07
50.40 -6.07
50.42 -3.06
50.44 -13.05
50.46 -9.05
50.48 -4.04
50.50 -12.04
50.52 -3.03
50.54 -7.03
50.56 -12.02
50.58 -3.02
50.60 -7.01
50.62 -7.01
50.64 -0.00
50.66 -2.99
50.68 -2.99
50.70 2.02
50.72 -9.98
50.74 -2.97
50.76 0.03
50.78 0.04
50.80 -5.96
50.82 -3.95
50.84 -5.95
50.86 -6.94
50.88 -8.93
50.90 -8.93
50.92 4.08
50.94 -8.92
50.96 -6.91
50.98 -8.91
51.00 0.10
51.02 -3.90
51.04 -1.89
51.06 0.11
51.08 -2.88
51.10 1.13
51.12 -8.87
51.14 -6.86
51.16 -6.86
51.18 -5.85
51.20 -6.85
51.22 -1.84
51.24 2.16
51.26 1.17
51.28 1.17
51.30 -2.82
51.32 6.19
51.34 -6.81
51.36 -6.80
51.38 -14.80
51.40 -6.79
51.42 -1.79
51.44 -8.78
51.46 -8.78
51.48 -8.77
51.50 -8.77
51.52 -8.76
51.54 -2.76
51.56 -11.75
51.58 -5.74
51.60 4.26
51.62 -3.73
51.64 -5.73
51.66 -8.72
51.68 -6.72
51.70 -5.71
51.72 -8.71
51.74 -2.70
51.76 -8.70
51.78 -8.69
51.80 -1.69
51.82 -6.68
51.84 -3.67
51.86 -8.67
51.88 -11.66
51.90 -2.66
51.92 -3.65
51.94 -8.65
51.96 1.36
51.98 -6.64
52.00 -8.63
52.02 -2.63
52.04 -8.62
52.06 -6.62
52.08 -6.61
52.10 -12.60
52.12 1.40
52.14 -1.59
52.16 -3.59
52.18 -8.58
52.20 -6.58
52.22 -6.57
52.24 -2.57
52.26 -2.56
52.28 -1.56
52.30 -3.55
52.32 4.45
52.34 -1.54
52.36 -6.54
52.38 3.47
52.40 -2.52
52.42 -6.52
52.44 -1.51
52.46 3.49
52.48 -2.50
52.50 2.50
52.52 0.51
52.54 -2.49
52.56 8.52
52.58 0.52
52.60 5.53
52.62 11.53
52.64 -3.46
52.66 0.54
52.68 -2.45
52.70 4.56
52.72 2.56
52.74 3.57
52.76 -1.43
52.78 11.58
52.80 5.58
52.82 7.59
52.84 6.59
52.86 14.60
52.88 14.60
52.90 2.61
52.92 5.61
52.94 18.62
52.96 15.62
52.98 23.63
53.00 24.63
53.02 30.64
53.04 18.64
53.06 34.65
53.08 20.66
53.10 38.66
53.12 35.67
53.14 54.67
53.16 41.68
53.18 37.68
53.20 56.69
53.22 41.69
53.24 83.70
53.26 69.70
53.28 71.71
53.30 97.71
53.32 97.72
53.34 102.72
53.36 127.73
53.38 139.73
53.40 144.74
53.42 144.74
53.44 132.75
53.46 168.75
53.48 168.76
53.50 182.76
53.52 157.77
53.54 139.78
53.56 144.78
53.58 137.79
53.60 137.79
53.62 115.80
53.64 134.80
53.66 117.81
53.68 85.81
53.70 69.82
53.72 83.82
53.74 63.83
53.76 58.83
53.78 63.84
53.80 37.84
53.82 32.85
53.84 35.85
53.86 34.86
53.88 38.86
53.90 31.87
53.92 20.87
53.94 8.88
53.96 18.88
53.98 20.89
54.00 11.89
54.02 9.90
54.04 13.90
54.06 19.91
54.08 13.91
54.10 19.92
54.12 12.92
54.14 13.93
54.16 10.93
54.18 3.94
54.20 10.94
54.22 8.95
54.24 2.95
54.26 0.96
54.28 -1.04
54.30 9.97
54.32 -1.03
54.34 9.98
54.36 -3.02
54.38 2.99
54.40 10.99
54.42 -3.00
54.44 2.00
54.46 6.01
54.48 6.02
54.50 6.02
54.52 4.03
54.54 9.03
54.56 6.04
54.58 -4.96
54.60 5.05
54.62 8.05
54.64 4.06
54.66 6.06
54.68 2.07
54.70 -5.93
54.72 2.08
54.74 2.08
54.76 4.09
54.78 4.09
54.80 -1.90
54.82 6.10
54.84 5.10
54.86 6.11
54.88 -4.89
54.90 -5.88
54.92 3.12
54.94 -0.87
54.96 3.13
54.98 1.14
55.00 4.14
55.02 4.15
55.04 -5.85
55.06 -0.84
55.08 5.16
55.10 7.17
55.12 -1.83
55.14 -4.82
55.16 -1.82
55.18 5.19
55.20 -1.81
55.22 1.20
55.24 -4.80
55.26 -4.79
55.28 -1.79
55.30 -5.78
55.32 -5.78
55.34 4.23
55.36 2.23
55.38 3.24
55.40 3.24
55.42 2.25
55.44 4.25
55.46 4.26
55.48 2.26
55.50 -0.73
55.52 9.27
55.54 -5.72
55.56 11.28
55.58 -5.71
55.60 -1.71
55.62 7.30
55.64 3.30
55.66 3.31
55.68 10.31
55.70 11.31
55.72 -0.68
55.74 7.32
55.76 5.33
55.78 13.33
55.80 9.34
55.82 8.34
55.84 6.35
55.86 14.35
55.88 14.36
55.90 12.36
55.92 7.37
55.94 19.37
55.96 12.38
55.98 26.38
56.00 14.39
56.02 10.39
56.04 15.40
56.06 18.40
56.08 15.41
56.10 20.41
56.12 18.41
56.14 21.42
56.16 25.42
56.18 18.43
56.20 38.43
56.22 29.44
56.24 35.44
56.26 25.45
56.28 28.45
56.30 49.46
56.32 29.46
56.34 38.47
56.36 36.47
56.38 41.48
56.40 61.48
56.42 52.49
56.44 50.49
56.46 55.49
56.48 82.50
56.50 59.50
56.52 96.51
56.54 84.51
56.56 92.52
56.58 90.52
56.60 111.53
56.62 138.53
56.64 133.54
56.66 145.54
56.68 164.55
56.70 178.55
56.72 195.55
56.74 228.56
56.76 228.56
56.78 257.57
56.80 284.57
56.82 309.58
56.84 309.58
56.86 362.59
56.88 346.59
56.90 414.60
56.92 479.60
56.94 511.60
56.96 492.61
56.98 520.61
57.00 524.62
57.02 501.62
57.04 538.63
57.06 501.63
57.08 470.64
57.10 452.64
57.12 444.65
57.14 448.65
57.16 370.65
57.18 343.66
57.20 339.66
57.22 309.67
57.24 316.67
57.26 254.68
57.28 274.68
57.30 216.69
57.32 201.69
57.34 178.69
57.36 180.70
57.38 180.70
57.40 148.71
57.42 128.71
57.44 114.72
57.46 116.72
57.48 111.73
57.50 86.73
57.52 109.73
57.54 82.74
57.56 70.74
57.58 66.75
57.60 64.75
57.62 80.76
57.64 59.76
57.66 36.76
57.68 68.77
57.70 42.77
57.72 49.78
57.74 29.78
57.76 32.79
57.78 24.79
57.80 29.80
57.82 35.80
57.84 35.80
57.86 32.81
57.88 31.81
57.90 32.82
57.92 22.82
57.94 20.83
57.96 36.83
57.98 14.83
58.00 20.84
58.02 19.84
58.04 16.85
58.06 14.85
58.08 25.86
58.10 14.86
58.12 9.86
58.14 5.87
58.16 9.87
58.18 10.88
58.20 7.88
58.22 8.89
58.24 8.89
58.26 5.89
58.28 7.90
58.30 10.90
58.32 14.91
58.34 9.91
58.36 2.91
58.38 6.92
58.40 -1.08
58.42 3.93
58.44 -0.07
58.46 4.94
58.48 -1.06
58.50 5.94
58.52 14.95
58.54 3.95
58.56 3.96
58.58 -2.04
58.60 5.96
58.62 6.97
58.64 -4.03
58.66 8.98
58.68 9.98
58.70 -1.01
58.72 7.99
58.74 -1.01
58.76 6.00
58.78 -4.00
58.80 5.01
58.82 2.01
58.84 7.01
58.86 4.02
58.88 6.02
58.90 -1.97
58.92 -0.97
58.94 -1.97
58.96 9.04
58.98 -1.96
59.00 -0.95
59.02 5.05
59.04 -0.95
59.06 -4.94
59.08 2.06
59.10 4.07
59.12 -1.93
59.14 -6.93
59.16 -3.92
59.18 2.08
59.20 0.09
59.22 -6.91
59.24 6.09
59.26 -1.90
59.28 -0.90
59.30 -4.89
59.32 3.11
59.34 8.11
59.36 3.12
59.38 -9.88
59.40 0.13
59.42 -9.87
59.44 -9.87
59.46 3.14
59.48 -6.86
59.50 0.15
59.52 8.15
59.54 0.15
59.56 0.16
59.58 -0.84
59.60 -4.83
59.62 5.17
59.64 -1.83
59.66 -4.82
59.68 -3.82
59.70 4.18
59.72 2.19
59.74 0.19
59.76 -4.80
59.78 0.20
59.80 -0.80
59.82 0.21
59.84 -0.79
59.86 -3.78
59.88 -0.78
59.90 -4.78
59.92 4.23
59.94 -3.77
59.96 -3.77
59.98 -1.76
60.00 -6.76
60.02 0.25
60.04 2.25
60.06 7.25
60.08 4.26
60.10 -4.74
60.12 -1.74
60.14 -0.73
60.16 0.27
60.18 0.28
60.20 0.28
60.22 -1.72
60.24 0.29
60.26 -0.71
60.28 -1.71
60.30 -1.70
60.32 5.30
60.34 8.31
60.36 9.31
60.38 -3.69
60.40 -4.68
60.42 -3.68
60.44 5.32
60.46 -6.67
60.48 7.33
60.50 -1.67
60.52 9.34
60.54 -3.66
60.56 9.35
60.58 -3.65
60.60 5.35
60.62 -6.64
60.64 5.36
60.66 0.36
60.68 10.37
60.70 8.37
60.72 -0.63
60.74 4.38
60.76 10.38
60.78 3.39
60.80 3.39
60.82 -0.61
60.84 4.40
60.86 2.40
60.88 -4.60
60.90 5.41
60.92 4.41
60.94 6.41
60.96 -1.58
60.98 11.42
61.00 11.42
61.02 13.43
61.04 0.43
61.06 8.43
61.08 19.44
61.10 25.44
61.12 9.45
61.14 0.45
61.16 9.45
61.18 11.46
61.20 3.46
61.22 4.46
61.24 4.47
61.26 8.47
61.28 2.47
61.30 13.48
61.32 19.48
61.34 12.48
61.36 12.49
61.38 12.49
61.40 16.49
61.42 17.50
61.44 9.50
61.46 4.50
61.48 15.51
61.50 12.51
61.52 21.51
61.54 11.52
61.56 34.52
61.58 20.52
61.60 17.53
61.62 33.53
61.64 21.53
61.66 30.54
61.68 26.54
61.70 23.54
61.72 30.55
61.74 37.55
61.76 26.55
61.78 39.56
61.80 43.56
61.82 60.56
61.84 42.57
61.86 50.57
61.88 71.57
61.90 48.58
61.92 64.58
61.94 75.58
61.96 67.59
61.98 58.59
62.00 108.59
62.02 50.60
62.04 99.60
62.06 93.60
62.08 99.61
62.10 119.61
62.12 115.61
62.14 124.62
62.16 136.62
62.18 154.62
62.20 165.63
62.22 181.63
62.24 199.63
62.26 205.63
62.28 235.64
62.30 235.64
62.32 245.64
62.34 278.65
62.36 310.65
62.38 321.65
62.40 403.66
62.42 403.66
62.44 449.66
62.46 475.67
62.48 471.67
62.50 516.67
62.52 603.68
62.54 613.68
62.56 613.68
62.58 628.68
62.60 638.69
62.62 593.69
62.64 628.69
62.66 623.70
62.68 549.70
62.70 525.70
62.72 530.71
62.74 493.71
62.76 521.71
62.78 489.72
62.80 453.72
62.82 403.72
62.84 355.72
62.86 355.73
62.88 325.73
62.90 307.73
62.92 289.74
62.94 235.74
62.96 242.74
62.98 214.75
63.00 208.75
63.02 173.75
63.04 190.75
63.06 144.76
63.08 146.76
63.10 146.76
63.12 136.77
63.14 124.77
63.16 95.77
63.18 124.77
63.20 97.78
63.22 95.78
63.24 83.78
63.26 81.79
63.28 67.79
63.30 85.79
63.32 55.80
63.34 64.80
63.36 53.80
63.38 55.80
63.40 50.81
63.42 56.81
63.44 48.81
63.46 45.82
63.48 39.82
63.50 40.82
63.52 36.82
63.54 32.83
63.56 34.83
63.58 40.83
63.60 36.84
63.62 36.84
63.64 39.84
63.66 23.84
63.68 21.85
63.70 21.85
63.72 26.85
63.74 23.85
63.76 22.86
63.78 14.86
63.80 14.86
63.82 13.87
63.84 13.87
63.86 13.87
63.88 17.87
63.90 15.88
63.92 12.88
63.94 14.88
63.96 14.89
63.98 9.89
64.00 4.89
64.02 9.89
64.04 8.90
64.06 12.90
64.08 9.90
64.10 4.90
64.12 3.91
64.14 2.91
64.16 6.91
64.18 3.91
64.20 0.92
64.22 4.92
64.24 0.92
64.26 5.93
64.28 -0.07
64.30 11.93
64.32 -0.07
64.34 0.94
64.36 6.94
64.38 -0.06
64.40 -4.06
64.42 5.95
64.44 2.95
64.46 -0.05
64.48 -3.05
64.50 -6.04
64.52 7.96
64.54 2.96
64.56 -0.04
64.58 -1.03
64.60 -1.03
64.62 -1.03
64.64 -6.03
64.66 8.98
64.68 -3.02
64.70 -3.02
64.72 -1.02
64.74 -0.01
64.76 8.99
64.78 -0.01
64.80 3.99
64.82 3.00
64.84 4.00
64.86 4.00
64.88 4.00
64.90 0.01
64.92 5.01
64.94 3.01
64.96 7.01
64.98 -5.98
65.00 14.02
65.02 -2.98
65.04 3.02
65.06 -0.97
65.08 3.03
65.10 -3.97
65.12 0.03
65.14 -0.96
65.16 7.04
65.18 -3.96
65.20 5.04
65.22 0.05
65.24 -3.95
65.26 -2.95
65.28 -3.95
65.30 10.06
65.32 4.06
65.34 1.06
65.36 0.06
65.38 -0.93
65.40 3.07
65.42 1.07
65.44 -3.93
65.46 7.07
65.48 4.08
65.50 3.08
65.52 3.08
65.54 9.08
65.56 1.09
65.58 0.09
65.60 10.09
65.62 20.09
65.64 3.10
65.66 11.10
65.68 10.10
65.70 6.10
65.72 4.10
65.74 7.11
65.76 10.11
65.78 16.11
65.80 11.11
65.82 7.12
65.84 4.12
65.86 12.12
65.88 13.12
65.90 7.12
65.92 16.13
65.94 15.13
65.96 8.13
65.98 8.13
66.00 7.14
66.02 3.14
66.04 1.14
66.06 3.14
66.08 -3.86
66.10 5.15
66.12 0.15
66.14 -3.85
66.16 5.15
66.18 0.16
66.20 -2.84
66.22 -0.84
66.24 8.16
66.26 1.16
66.28 5.17
66.30 -2.83
66.32 3.17
66.34 -3.83
66.36 -3.83
66.38 -5.82
66.40 -8.82
66.42 3.18
66.44 -2.82
66.46 -2.81
66.48 9.19
66.50 7.19
66.52 0.19
66.54 -3.81
66.56 -3.80
66.58 -8.80
66.60 -3.80
66.62 6.20
66.64 -6.80
66.66 -3.79
66.68 0.21
66.70 -3.79
66.72 -5.79
66.74 -8.79
66.76 -3.78
66.78 -0.78
66.80 0.22
66.82 -2.78
66.84 6.22
66.86 -5.77
66.88 -5.77
66.90 -3.77
66.92 -6.77
66.94 -3.77
66.96 0.24
66.98 -5.76
67.00 0.24
67.02 -2.76
67.04 -8.76
67.06 -2.75
67.08 -0.75
67.10 -3.75
67.12 -5.75
67.14 -10.75
67.16 -2.74
67.18 1.26
67.20 -3.74
67.22 0.26
67.24 6.26
67.26 -6.73
67.28 -5.73
67.30 -2.73
67.32 -5.73
67.34 -8.73
67.36 -2.72
67.38 -2.72
67.40 -3.72
67.42 -5.72
67.44 -10.72
67.46 -2.72
67.48 -3.71
67.50 -8.71
67.52 -5.71
67.54 -0.71
67.56 0.29
67.58 -6.70
67.60 -3.70
67.62 -2.70
67.64 -6.70
67.66 -8.70
67.68 -5.70
67.70 1.31
67.72 -5.69
67.74 0.31
67.76 0.31
67.78 0.31
67.80 -6.68
67.82 -0.68
67.84 -9.68
67.86 -5.68
67.88 -5.68
67.90 -5.68
67.92 3.33
67.94 -2.67
67.96 -3.67
67.98 -2.67
68.00 -5.67
68.02 0.33
68.04 -5.66
68.06 1.34
68.08 -2.66
68.10 -5.66
68.12 -5.66
68.14 -5.65
68.16 -5.65
68.18 1.35
68.20 -5.65
68.22 -0.65
68.24 -3.65
68.26 -5.64
68.28 -5.64
68.30 -9.64
68.32 0.36
68.34 -0.64
68.36 -5.64
68.38 -2.63
68.40 -8.63
68.42 -3.63
68.44 -5.63
68.46 -8.63
68.48 -5.63
68.50 -3.62
68.52 -5.62
68.54 -3.62
68.56 -11.62
68.58 -3.62
68.60 -3.62
68.62 -6.61
68.64 -0.61
68.66 -5.61
68.68 -6.61
68.70 -5.61
68.72 -5.61
68.74 -3.60
68.76 -5.60
68.78 -8.60
68.80 -6.60
68.82 -9.60
68.84 -8.60
68.86 -3.60
68.88 -6.59
68.90 -5.59
68.92 3.41
68.94 -5.59
68.96 -0.59
68.98 -3.59
69.00 -3.58
69.02 -3.58
69.04 -5.58
69.06 -8.58
69.08 -6.58
69.10 0.42
69.12 -5.58
69.14 -5.57
69.16 0.43
69.18 0.43
69.20 -3.57
69.22 -2.57
69.24 -3.57
69.26 -3.56
69.28 -6.56
69.30 -3.56
69.32 -2.56
69.34 0.44
69.36 -5.56
69.38 0.44
69.40 0.45
69.42 0.45
69.44 -0.55
69.46 -5.55
69.48 -5.55
69.50 -6.55
69.52 4.45
69.54 -6.54
69.56 -3.54
69.58 -3.54
69.60 -6.54
69.62 -10.54
69.64 -5.54
69.66 -5.54
69.68 -5.53
69.70 -3.53
69.72 -5.53
69.74 -3.53
69.76 0.47
69.78 -2.53
69.80 -6.53
69.82 -6.52
69.84 -2.52
69.86 4.48
69.88 -3.52
69.90 -3.52
69.92 -3.52
69.94 -8.52
69.96 -5.51
69.98 -5.51
70.00 -3.51
70.02 1.49
70.04 -3.51
70.06 -2.51
70.08 -3.51
70.10 1.49
70.12 3.50
70.14 1.50
70.16 -2.50
70.18 0.50
70.20 0.50
70.22 -5.50
70.24 10.50
70.26 -0.49
70.28 8.51
70.30 3.51
70.32 -3.49
70.34 0.51
70.36 5.51
70.38 1.51
70.40 10.51
70.42 1.52
70.44 7.52
70.46 -0.48
70.48 6.52
70.50 6.52
70.52 5.52
70.54 1.52
70.56 11.52
70.58 3.53
70.60 14.53
70.62 9.53
70.64 14.53
70.66 15.53
70.68 20.53
70.70 17.53
70.72 22.53
70.74 21.54
70.76 22.54
70.78 22.54
70.80 16.54
70.82 37.54
70.84 26.54
70.86 28.54
70.88 27.54
70.90 27.55
70.92 54.55
70.94 37.55
70.96 49.55
70.98 37.55
71.00 51.55
71.02 38.55
71.04 37.55
71.06 30.55
71.08 44.56
71.10 30.56
71.12 51.56
71.14 43.56
71.16 34.56
71.18 34.56
71.20 33.56
71.22 40.56
71.24 35.57
71.26 24.57
71.28 34.57
71.30 24.57
71.32 22.57
71.34 21.57
71.36 27.57
71.38 10.57
71.40 20.57
71.42 8.58
71.44 20.58
71.46 20.58
71.48 7.58
71.50 1.58
71.52 10.58
71.54 14.58
71.56 13.58
71.58 4.58
71.60 9.59
71.62 1.59
71.64 6.59
71.66 5.59
71.68 1.59
71.70 4.59
71.72 14.59
71.74 -0.41
71.76 4.59
71.78 -3.40
71.80 -0.40
71.82 7.60
71.84 7.60
71.86 -0.40
71.88 1.60
71.90 -5.40
71.92 0.60
71.94 0.60
71.96 -2.40
71.98 -0.39
72.00 1.61
72.02 1.61
72.04 8.61
72.06 1.61
72.08 1.61
72.10 1.61
72.12 -3.39
72.14 -8.39
72.16 -0.38
72.18 -0.38
72.20 1.62
72.22 0.62
72.24 -3.38
72.26 -5.38
72.28 0.62
72.30 5.62
72.32 0.62
72.34 -2.38
72.36 -3.37
72.38 -3.37
72.40 0.63
72.42 0.63
72.44 0.63
72.46 0.63
72.48 -8.37
72.50 -5.37
72.52 -2.37
72.54 4.63
72.56 -3.36
72.58 -3.36
72.60 0.64
72.62 -5.36
72.64 0.64
72.66 -3.36
72.68 1.64
72.70 9.64
72.72 -3.36
72.74 0.64
72.76 0.64
72.78 -3.35
72.80 3.65
72.82 0.65
72.84 -0.35
72.86 0.65
72.88 -6.35
72.90 -5.35
72.92 -5.35
72.94 13.65
72.96 3.65
72.98 3.65
73.00 4.66
73.02 -2.34
73.04 1.66
73.06 1.66
73.08 6.66
73.10 1.66
73.12 -2.34
73.14 3.66
73.16 11.66
73.18 6.66
73.20 8.66
73.22 5.67
73.24 1.67
73.26 1.67
73.28 8.67
73.30 14.67
73.32 9.67
73.34 6.67
73.36 11.67
73.38 15.67
73.40 16.67
73.42 14.67
73.44 22.68
73.46 30.68
73.48 21.68
73.50 23.68
73.52 30.68
73.54 11.68
73.56 38.68
73.58 34.68
73.60 37.68
73.62 38.68
73.64 40.68
73.66 37.68
73.68 30.69
73.70 51.69
73.72 34.69
73.74 52.69
73.76 51.69
73.78 65.69
73.80 59.69
73.82 63.69
73.84 61.69
73.86 61.69
73.88 80.69
73.90 70.69
73.92 78.70
73.94 80.70
73.96 92.70
73.98 105.70
74.00 94.70
74.02 92.70
74.04 94.70
74.06 111.70
74.08 94.70
74.10 105.70
74.12 76.70
74.14 96.70
74.16 80.71
74.18 111.71
74.20 80.71
74.22 76.71
74.24 66.71
74.26 76.71
74.28 94.71
74.30 68.71
74.32 74.71
74.34 59.71
74.36 70.71
74.38 59.71
74.40 46.71
74.42 61.72
74.44 51.72
74.46 40.72
74.48 54.72
74.50 33.72
74.52 48.72
74.54 43.72
74.56 43.72
74.58 27.72
74.60 27.72
74.62 31.72
74.64 33.72
74.66 34.72
74.68 34.73
74.70 41.73
74.72 46.73
74.74 21.73
74.76 26.73
74.78 34.73
74.80 34.73
74.82 35.73
74.84 31.73
74.86 46.73
74.88 34.73
74.90 24.73
74.92 34.73
74.94 51.74
74.96 34.74
74.98 49.74
75.00 49.74
75.02 49.74
75.04 51.74
75.06 27.74
75.08 41.74
75.10 46.74
75.12 43.74
75.14 26.74
75.16 43.74
75.18 48.74
75.20 41.74
75.22 34.75
75.24 24.75
75.26 31.75
75.28 24.75
75.30 27.75
75.32 22.75
75.34 16.75
75.36 18.75
75.38 23.75
75.40 27.75
75.42 22.75
75.44 15.75
75.46 12.75
75.48 18.75
75.50 16.76
75.52 9.76
75.54 4.76
75.56 8.76
75.58 10.76
75.60 17.76
75.62 8.76
75.64 0.76
75.66 4.76
75.68 1.76
75.70 3.76
75.72 4.76
75.74 3.76
75.76 1.76
75.78 6.76
75.80 3.77
75.82 0.77
75.84 -5.23
75.86 -0.23
75.88 -3.23
75.90 7.77
75.92 1.77
75.94 3.77
75.96 -0.23
75.98 -3.23
76.00 1.77
76.02 -0.23
76.04 -3.23
76.06 -0.23
76.08 1.77
76.10 8.78
76.12 -5.22
76.14 -3.22
76.16 -2.22
76.18 -2.22
76.20 -3.22
76.22 -5.22
76.24 -3.22
76.26 -0.22
76.28 -5.22
76.30 -2.22
76.32 -2.22
76.34 -5.22
76.36 -3.22
76.38 -3.22
76.40 -3.21
76.42 -0.21
76.44 -0.21
76.46 -3.21
76.48 -5.21
76.50 3.79
76.52 -5.21
76.54 -0.21
76.56 -5.21
76.58 -0.21
76.60 -6.21
76.62 -3.21
76.64 -11.21
76.66 -9.21
76.68 -11.21
76.70 -8.20
76.72 -3.20
76.74 -6.20
76.76 -3.20
76.78 -3.20
76.80 -6.20
76.82 -11.20
76.84 -5.20
76.86 -0.20
76.88 -6.20
76.90 -5.20
76.92 -3.20
76.94 -3.20
76.96 -8.20
76.98 -3.20
77.00 -10.20
77.02 -3.19
77.04 3.81
77.06 -8.19
77.08 -5.19
77.10 1.81
77.12 -11.19
77.14 1.81
77.16 -3.19
77.18 -11.19
77.20 -3.19
77.22 0.81
77.24 -3.19
77.26 -5.19
77.28 -9.19
77.30 0.81
77.32 -3.19
77.34 -11.18
77.36 0.82
77.38 -3.18
77.40 -8.18
77.42 0.82
77.44 -2.18
77.46 -5.18
77.48 -11.18
77.50 -6.18
77.52 -8.18
77.54 -2.18
77.56 -3.18
77.58 -8.18
77.60 -2.18
77.62 -8.18
77.64 -2.18
77.66 -3.17
77.68 -6.17
77.70 -5.17
77.72 -6.17
77.74 -11.17
77.76 -5.17
77.78 -3.17
77.80 -2.17
77.82 -3.17
77.84 -5.17
77.86 -6.17
77.88 -3.17
77.90 -3.17
77.92 -10.17
77.94 -9.17
77.96 -3.17
77.98 -6.16
78.00 -5.16
78.02 -5.16
78.04 4.84
78.06 -6.16
78.08 -3.16
78.10 -3.16
78.12 0.84
78.14 0.84
78.16 0.84
78.18 -6.16
78.20 -2.16
78.22 -6.16
78.24 -3.16
78.26 -3.16
78.28 0.84
78.30 -3.16
78.32 -0.15
78.34 3.85
78.36 0.85
78.38 0.85
78.40 -0.15
78.42 0.85
78.44 -2.15
78.46 0.85
78.48 7.85
78.50 8.85
78.52 -5.15
78.54 6.85
78.56 0.85
78.58 0.85
78.60 5.85
78.62 7.85
78.64 4.86
78.66 6.86
78.68 11.86
78.70 5.86
78.72 15.86
78.74 12.86
78.76 16.86
78.78 0.86
78.80 10.86
78.82 15.86
78.84 15.86
78.86 16.86
78.88 18.86
78.90 13.86
78.92 27.86
78.94 16.86
78.96 24.87
78.98 26.87
79.00 21.87
79.02 37.87
79.04 27.87
79.06 21.87
79.08 22.87
79.10 17.87
79.12 18.87
79.14 17.87
79.16 37.87
79.18 27.87
79.20 20.87
79.22 22.87
79.24 15.87
79.26 15.87
79.28 17.87
79.30 13.88
79.32 13.88
79.34 20.88
79.36 9.88
79.38 12.88
79.40 5.88
79.42 3.88
79.44 5.88
79.46 4.88
79.48 0.88
79.50 6.88
79.52 7.88
79.54 -0.12
79.56 10.88
79.58 1.88
79.60 0.88
79.62 3.89
79.64 -3.11
79.66 0.89
79.68 0.89
79.70 3.89
79.72 -2.11
79.74 -2.11
79.76 3.89
79.78 -3.11
79.80 0.89
79.82 -3.11
79.84 -2.11
79.86 4.89
79.88 -10.11
79.90 -5.11
79.92 -2.11
79.94 -2.10
79.96 -0.10
79.98 -3.10
80.00 3.90
80.02 -5.10
80.04 -5.10
80.06 -5.10
80.08 -2.10
80.10 -6.10
80.12 -2.10
80.14 -5.10
80.16 0.90
80.18 -8.10
80.20 -8.10
80.22 -5.10
80.24 -5.10
80.26 -3.09
80.28 -5.09
80.30 0.91
80.32 -3.09
80.34 -6.09
80.36 0.91
80.38 -6.09
80.40 -3.09
80.42 -10.09
80.44 0.91
80.46 -0.09
80.48 -8.09
80.50 4.91
80.52 -5.09
80.54 -6.09
80.56 -2.08
80.58 -3.08
80.60 -3.08
80.62 -11.08
80.64 -3.08
80.66 -3.08
80.68 0.92
80.70 -3.08
80.72 -9.08
80.74 -5.08
80.76 -6.08
80.78 -5.08
80.80 -3.08
80.82 -6.08
80.84 -13.08
80.86 -8.07
80.88 -6.07
80.90 -5.07
80.92 -8.07
80.94 -5.07
80.96 -3.07
80.98 -5.07
81.00 -6.07
81.02 -2.07
81.04 -3.07
81.06 -2.07
81.08 -6.07
81.10 -6.07
81.12 3.93
81.14 -5.07
81.16 -3.06
81.18 0.94
81.20 -11.06
81.22 -10.06
81.24 -11.06
81.26 -8.06
81.28 0.94
81.30 -5.06
81.32 -3.06
81.34 -6.06
81.36 -3.06
81.38 -5.06
81.40 -3.06
81.42 -5.06
81.44 4.94
81.46 -5.05
81.48 -9.05
81.50 -2.05
81.52 -5.05
81.54 -0.05
81.56 0.95
81.58 -3.05
81.60 0.95
81.62 -5.05
81.64 -5.05
81.66 -3.05
81.68 -5.05
81.70 0.95
81.72 -9.05
81.74 -5.04
81.76 -3.04
81.78 -6.04
81.80 -5.04
81.82 5.96
81.84 6.96
81.86 4.96
81.88 -5.04
81.90 -0.04
81.92 -6.04
81.94 -5.04
81.96 -3.04
81.98 -5.04
82.00 0.96
82.02 0.97
82.04 -3.03
82.06 -0.03
82.08 0.97
82.10 3.97
82.12 -5.03
82.14 5.97
82.16 -2.03
82.18 -3.03
82.20 -5.03
82.22 0.97
82.24 -3.03
82.26 -0.03
82.28 -9.03
82.30 -5.02
82.32 -5.02
82.34 1.98
82.36 -3.02
82.38 -3.02
82.40 -5.02
82.42 -8.02
82.44 -6.02
82.46 -5.02
82.48 -3.02
82.50 4.98
82.52 -5.02
82.54 -6.02
82.56 -6.02
82.58 -3.01
82.60 -3.01
82.62 -5.01
82.64 -2.01
82.66 -8.01
82.68 -5.01
82.70 -5.01
82.72 -6.01
82.74 -5.01
82.76 -3.01
82.78 -6.01
82.80 0.99
82.82 -3.01
82.84 -5.00
82.86 -5.00
82.88 -0.00
82.90 -3.00
82.92 -9.00
82.94 -8.00
82.96 0.00
82.98 -2.00
83.00 -2.00
83.02 -5.00
83.04 -6.00
83.06 0.00
83.08 -10.00
83.10 -4.99
83.12 -2.99
83.14 -7.99
83.16 -2.99
83.18 -4.99
83.20 -4.99
83.22 -5.99
83.24 -4.99
83.26 -2.99
83.28 -8.99
83.30 -5.99
83.32 1.01
83.34 -4.98
83.36 -4.98
83.38 -4.98
83.40 -10.98
83.42 -4.98
83.44 -5.98
83.46 -2.98
83.48 -12.98
83.50 -4.98
83.52 -7.98
83.54 -7.98
83.56 -7.98
83.58 -4.98
83.60 -8.97
83.62 -4.97
83.64 -8.97
83.66 -5.97
83.68 0.03
83.70 -4.97
83.72 -2.97
83.74 -2.97
83.76 -8.97
83.78 -10.97
83.80 0.03
83.82 -8.97
83.84 -10.96
83.86 -5.96
83.88 7.04
83.90 -4.96
83.92 -8.96
83.94 -7.96
83.96 -9.96
83.98 -2.96
84.00 -4.96
84.02 -2.96
84.04 -2.96
84.06 -2.95
84.08 -4.95
84.10 -4.95
84.12 -4.95
84.14 -7.95
84.16 -1.95
84.18 -8.95
84.20 -1.95
84.22 -5.95
84.24 1.05
84.26 -4.95
84.28 -8.95
84.30 -4.94
84.32 -9.94
84.34 2.06
84.36 1.06
84.38 -7.94
84.40 0.06
84.42 -4.94
84.44 -5.94
84.46 -5.94
84.48 -7.94
84.50 -8.94
84.52 -1.93
84.54 -9.93
84.56 -13.93
84.58 -1.93
84.60 -4.93
84.62 -5.93
84.64 -2.93
84.66 -4.93
84.68 -5.93
84.70 -9.93
84.72 -4.93
84.74 -5.92
84.76 -9.92
84.78 -7.92
84.80 1.08
84.82 -4.92
84.84 -2.92
84.86 0.08
84.88 -5.92
84.90 0.08
84.92 -4.92
84.94 -5.92
84.96 -4.91
84.98 -2.91
85.00 -7.91
85.02 -7.91
85.04 0.09
85.06 -4.91
85.08 -4.91
85.10 -7.91
85.12 -2.91
85.14 -5.91
85.16 -2.91
85.18 -5.90
85.20 -9.90
85.22 -7.90
85.24 -5.90
85.26 1.10
85.28 -7.90
85.30 1.10
85.32 -7.90
85.34 -1.90
85.36 -12.90
85.38 1.11
85.40 1.11
85.42 6.11
85.44 0.11
85.46 -4.89
85.48 1.11
85.50 -2.89
85.52 0.11
85.54 -1.89
85.56 -1.89
85.58 1.11
85.60 -8.88
85.62 4.12
85.64 -2.88
85.66 -4.88
85.68 -4.88
85.70 5.12
85.72 -2.88
85.74 1.12
85.76 0.12
85.78 -1.88
85.80 -1.87
85.82 -2.87
85.84 1.13
85.86 -4.87
85.88 -2.87
85.90 6.13
85.92 -2.87
85.94 -2.87
85.96 1.13
85.98 -2.87
86.00 1.14
86.02 1.14
86.04 1.14
86.06 5.14
86.08 2.14
86.10 -4.86
86.12 7.14
86.14 4.14
86.16 7.14
86.18 -2.85
86.20 1.15
86.22 7.15
86.24 9.15
86.26 6.15
86.28 8.15
86.30 -1.85
86.32 -1.85
86.34 4.15
86.36 11.15
86.38 10.16
86.40 12.16
86.42 19.16
86.44 16.16
86.46 10.16
86.48 15.16
86.50 15.16
86.52 13.16
86.54 21.16
86.56 17.17
86.58 21.17
86.60 16.17
86.62 35.17
86.64 23.17
86.66 35.17
86.68 34.17
86.70 35.17
86.72 38.17
86.74 23.18
86.76 29.18
86.78 38.18
86.80 28.18
86.82 25.18
86.84 34.18
86.86 31.18
86.88 41.18
86.90 32.18
86.92 27.18
86.94 32.19
86.96 23.19
86.98 22.19
87.00 28.19
87.02 23.19
87.04 18.19
87.06 31.19
87.08 31.19
87.10 19.19
87.12 28.20
87.14 23.20
87.16 17.20
87.18 16.20
87.20 23.20
87.22 23.20
87.24 27.20
87.26 10.20
87.28 32.21
87.30 7.21
87.32 17.21
87.34 15.21
87.36 19.21
87.38 19.21
87.40 22.21
87.42 13.21
87.44 12.21
87.46 16.22
87.48 8.22
87.50 18.22
87.52 1.22
87.54 10.22
87.56 10.22
87.58 7.22
87.60 5.22
87.62 4.22
87.64 8.23
87.66 0.23
87.68 12.23
87.70 5.23
87.72 11.23
87.74 22.23
87.76 12.23
87.78 6.23
87.80 -2.76
87.82 2.24
87.84 1.24
87.86 14.24
87.88 -1.76
87.90 5.24
87.92 2.24
87.94 15.24
87.96 0.24
87.98 9.25
88.00 -1.75
88.02 6.25
88.04 -2.75
88.06 1.25
88.08 2.25
88.10 2.25
88.12 -4.75
88.14 12.26
88.16 0.26
88.18 5.26
88.20 1.26
88.22 -1.74
88.24 1.26
88.26 -4.74
88.28 1.26
88.30 2.27
88.32 12.27
88.34 10.27
88.36 9.27
88.38 5.27
88.40 1.27
88.42 6.27
88.44 6.27
88.46 8.28
88.48 16.28
88.50 13.28
88.52 1.28
88.54 8.28
88.56 5.28
88.58 8.28
88.60 5.28
88.62 12.29
88.64 18.29
88.66 0.29
88.68 8.29
88.70 15.29
88.72 10.29
88.74 18.29
88.76 11.29
88.78 9.30
88.80 22.30
88.82 18.30
88.84 25.30
88.86 14.30
88.88 23.30
88.90 17.30
88.92 27.30
88.94 23.31
88.96 13.31
88.98 19.31
89.00 25.31
89.02 32.31
89.04 32.31
89.06 28.31
89.08 35.31
89.10 28.32
89.12 25.32
89.14 55.32
89.16 36.32
89.18 38.32
89.20 50.32
89.22 50.32
89.24 35.32
89.26 52.33
89.28 64.33
89.30 47.33
89.32 52.33
89.34 66.33
89.36 75.33
89.38 77.33
89.40 64.34
89.42 75.34
89.44 75.34
89.46 73.34
89.48 101.34
89.50 95.34
89.52 85.34
89.54 106.34
89.56 101.35
89.58 108.35
89.60 106.35
89.62 129.35
89.64 129.35
89.66 131.35
89.68 131.35
89.70 138.36
89.72 143.36
89.74 114.36
89.76 129.36
89.78 110.36
89.80 119.36
89.82 124.36
89.84 106.36
89.86 119.37
89.88 121.37
89.90 101.37
89.92 112.37
89.94 121.37
89.96 95.37
89.98 112.37
90.00 95.38
90.02 71.38
90.04 95.38
90.06 95.38
90.08 83.38
90.10 67.38
90.12 89.38
90.14 58.39
90.16 62.39
90.18 75.39
90.20 69.39
90.22 50.39
90.24 55.39
90.26 57.39
90.28 39.40
90.30 47.40
90.32 42.40
90.34 52.40
90.36 38.40
90.38 35.40
90.40 35.40
90.42 35.40
90.44 35.41
90.46 32.41
90.48 32.41
90.50 28.41
90.52 22.41
90.54 24.41
90.56 19.41
90.58 22.42
90.60 24.42
90.62 19.42
90.64 8.42
90.66 17.42
90.68 22.42
90.70 15.42
90.72 14.43
90.74 13.43
90.76 10.43
90.78 9.43
90.80 10.43
90.82 17.43
90.84 7.43
90.86 9.44
90.88 9.44
90.90 4.44
90.92 14.44
90.94 6.44
90.96 0.44
90.98 7.44
91.00 8.45
91.02 -1.55
91.04 1.45
91.06 2.45
91.08 1.45
91.10 14.45
91.12 5.45
91.14 9.46
91.16 -1.54
91.18 2.46
91.20 -1.54
91.22 2.46
91.24 5.46
91.26 -1.54
91.28 4.47
91.30 6.47
91.32 0.47
91.34 2.47
91.36 4.47
91.38 1.47
91.40 0.48
91.42 -5.52
91.44 0.48
91.46 6.48
91.48 0.48
91.50 5.48
91.52 11.48
91.54 1.49
91.56 0.49
91.58 7.49
91.60 -7.51
91.62 -2.51
91.64 -4.51
91.66 1.49
91.68 0.50
91.70 -2.50
91.72 4.50
91.74 -2.50
91.76 -4.50
91.78 -2.50
91.80 -7.50
91.82 -7.49
91.84 0.51
91.86 1.51
91.88 -1.49
91.90 1.51
91.92 0.51
91.94 1.52
91.96 1.52
91.98 -1.48
92.00 1.52
92.02 0.52
92.04 4.52
92.06 -5.48
92.08 5.53
92.10 0.53
92.12 0.53
92.14 -4.47
92.16 -1.47
92.18 -4.47
92.20 -2.46
92.22 -5.46
92.24 -1.46
92.26 2.54
92.28 0.54
92.30 1.54
92.32 -8.46
92.34 10.55
92.36 -2.45
92.38 -2.45
92.40 -4.45
92.42 -1.45
92.44 -4.45
92.46 1.55
92.48 1.56
92.50 -2.44
92.52 -4.44
92.54 -1.44
92.56 -5.44
92.58 0.56
92.60 6.57
92.62 -5.43
92.64 -4.43
92.66 -2.43
92.68 -4.43
92.70 2.57
92.72 -1.43
92.74 2.58
92.76 -4.42
92.78 1.58
92.80 -5.42
92.82 0.58
92.84 -2.42
92.86 6.59
92.88 -7.41
92.90 -1.41
92.92 -4.41
92.94 2.59
92.96 -4.41
92.98 1.59
93.00 7.60
93.02 -2.40
93.04 1.60
93.06 1.60
93.08 -8.40
93.10 0.60
93.12 -5.39
93.14 1.61
93.16 -1.39
93.18 2.61
93.20 -1.39
93.22 -2.39
93.24 1.62
93.26 -1.38
93.28 -1.38
93.30 -4.38
93.32 0.62
93.34 2.62
93.36 -4.38
93.38 -5.37
93.40 6.63
93.42 5.63
93.44 -2.37
93.46 4.63
93.48 0.63
93.50 7.64
93.52 8.64
93.54 6.64
93.56 15.64
93.58 4.64
93.60 6.64
93.62 10.65
93.64 -1.35
93.66 6.65
93.68 17.65
93.70 -1.35
93.72 10.65
93.74 12.65
93.76 8.66
93.78 9.66
93.80 2.66
93.82 1.66
93.84 13.66
93.86 5.66
93.88 1.67
93.90 10.67
93.92 4.67
93.94 13.67
93.96 6.67
93.98 19.67
94.00 8.68
94.02 1.68
94.04 17.68
94.06 14.68
94.08 27.68
94.10 17.68
94.12 18.68
94.14 32.69
94.16 19.69
94.18 22.69
94.20 31.69
94.22 32.69
94.24 31.69
94.26 28.70
94.28 23.70
94.30 32.70
94.32 44.70
94.34 32.70
94.36 41.70
94.38 23.71
94.40 38.71
94.42 41.71
94.44 41.71
94.46 34.71
94.48 36.71
94.50 41.72
94.52 42.72
94.54 41.72
94.56 44.72
94.58 44.72
94.60 53.72
94.62 45.72
94.64 41.73
94.66 36.73
94.68 45.73
94.70 49.73
94.72 35.73
94.74 41.73
94.76 45.74
94.78 32.74
94.80 42.74
94.82 31.74
94.84 23.74
94.86 44.74
94.88 39.75
94.90 31.75
94.92 23.75
94.94 28.75
94.96 19.75
94.98 27.75
95.00 28.76
95.02 28.76
95.04 10.76
95.06 14.76
95.08 25.76
95.10 16.76
95.12 25.76
95.14 14.77
95.16 13.77
95.18 17.77
95.20 10.77
95.22 17.77
95.24 23.77
95.26 5.78
95.28 10.78
95.30 11.78
95.32 2.78
95.34 12.78
95.36 17.78
95.38 16.79
95.40 7.79
95.42 12.79
95.44 1.79
95.46 6.79
95.48 10.79
95.50 12.80
95.52 10.80
95.54 1.80
95.56 8.80
95.58 9.80
95.60 5.80
95.62 8.80
95.64 7.81
95.66 -2.19
95.68 6.81
95.70 -5.19
95.72 -4.19
95.74 6.81
95.76 -1.18
95.78 -1.18
95.80 7.82
95.82 0.82
95.84 -1.18
95.86 4.82
95.88 4.83
95.90 -4.17
95.92 0.83
95.94 4.83
95.96 0.83
95.98 5.83
96.00 2.84
96.02 -2.16
96.04 -2.16
96.06 -2.16
96.08 0.84
96.10 1.84
96.12 -4.16
96.14 0.85
96.16 -2.15
96.18 -2.15
96.20 -7.15
96.22 4.85
96.24 -5.15
96.26 1.86
96.28 -4.14
96.30 1.86
96.32 -4.14
96.34 -4.14
96.36 -4.14
96.38 0.87
96.40 -8.13
96.42 -2.13
96.44 -5.13
96.46 -7.13
96.48 -2.13
96.50 4.88
96.52 -4.12
96.54 -2.12
96.56 -2.12
96.58 -2.12
96.60 -4.12
96.62 2.88
96.64 -8.11
96.66 -7.11
96.68 -2.11
96.70 -1.11
96.72 -8.11
96.74 -4.11
96.76 -9.10
96.78 -2.10
96.80 -2.10
96.82 -7.10
96.84 -4.10
96.86 -4.10
96.88 -2.09
96.90 -4.09
96.92 -10.09
96.94 -5.09
96.96 -4.09
96.98 -7.09
97.00 1.91
97.02 -1.08
97.04 -4.08
97.06 2.92
97.08 -4.08
97.10 -2.08
97.12 1.92
97.14 1.93
97.16 -8.07
97.18 -4.07
97.20 -2.07
97.22 -4.07
97.24 -5.07
97.26 -4.07
97.28 -4.06
97.30 -2.06
97.32 -8.06
97.34 -2.06
97.36 -4.06
97.38 -2.06
97.40 -9.05
97.42 0.95
97.44 -8.05
97.46 -7.05
97.48 -7.05
97.50 -2.05
97.52 -2.04
97.54 -4.04
97.56 -1.04
97.58 -4.04
97.60 -7.04
97.62 -8.04
97.64 -10.04
97.66 -4.03
97.68 -8.03
97.70 -4.03
97.72 -7.03
97.74 -1.03
97.76 -2.03
97.78 -2.02
97.80 -4.02
97.82 -4.02
97.84 -2.02
97.86 -7.02
97.88 -5.02
97.90 -4.02
97.92 1.99
97.94 -5.01
97.96 -1.01
97.98 -7.01
98.00 -4.01
98.02 -5.01
98.04 -2.01
98.06 2.00
98.08 -8.00
98.10 1.00
98.12 -5.00
98.14 -4.00
98.16 -1.00
98.18 -7.99
98.20 -3.99
98.22 -4.99
98.24 -1.99
98.26 -3.99
98.28 -3.99
98.30 -0.99
98.32 -3.98
98.34 -3.98
98.36 2.02
98.38 -1.98
98.40 -6.98
98.42 -3.98
98.44 -1.98
98.46 -0.97
98.48 -9.97
98.50 -8.97
98.52 -3.97
98.54 -12.97
98.56 -3.97
98.58 -7.96
98.60 -4.96
98.62 -4.96
98.64 -1.96
98.66 -9.96
98.68 -6.96
98.70 -9.96
98.72 -3.95
98.74 -6.95
98.76 -6.95
98.78 -6.95
98.80 -8.95
98.82 -7.95
98.84 2.05
98.86 -6.94
98.88 -3.94
98.90 3.06
98.92 -1.94
98.94 -8.94
98.96 -0.94
98.98 8.06
99.00 -3.93
99.02 -3.93
99.04 -0.93
99.06 -3.93
99.08 -1.93
99.10 -3.93
99.12 -7.93
99.14 1.08
99.16 -0.92
99.18 -3.92
99.20 -4.92
99.22 -3.92
99.24 -0.92
99.26 -0.92
99.28 -7.91
99.30 -6.91
99.32 -1.91
99.34 -1.91
99.36 -3.91
99.38 -3.91
99.40 -3.91
99.42 -0.90
99.44 -3.90
99.46 -4.90
99.48 2.10
99.50 -7.90
99.52 2.10
99.54 -7.90
99.56 -3.90
99.58 -3.89
99.60 -3.89
99.62 -7.89
99.64 -3.89
99.66 5.11
99.68 -7.89
99.70 2.11
99.72 -3.88
99.74 -0.88
99.76 -4.88
99.78 -1.88
99.80 2.12
99.82 -4.88
99.84 -1.88
99.86 -4.87
99.88 -6.87
99.90 -1.87
99.92 -7.87
99.94 -4.87
99.96 -7.87
99.98 -3.87
100.00 -7.87
100.02 -6.86
100.04 -1.86
100.06 2.14
100.08 6.14
100.10 2.14
100.12 -3.86
100.14 -1.86
100.16 -6.85
100.18 -1.85
100.20 -7.85
100.22 -6.85
100.24 -3.85
100.26 -8.85
100.28 -0.85
100.30 -3.85
100.32 -6.84
100.34 -0.84
100.36 -8.84
100.38 -1.84
100.40 -3.84
100.42 -1.84
100.44 -4.84
100.46 -8.84
100.48 -1.83
100.50 -3.83
100.52 -3.83
100.54 -9.83
100.56 -1.83
100.58 -1.83
100.60 2.17
100.62 2.17
100.64 -9.82
100.66 -3.82
100.68 -1.82
100.70 2.18
100.72 -7.82
100.74 -6.82
100.76 -0.82
100.78 -1.82
100.80 2.19
100.82 5.19
100.84 -0.81
100.86 -1.81
100.88 -3.81
100.90 -1.81
100.92 2.19
100.94 -3.81
100.96 2.19
100.98 -1.80
101.00 -6.80
101.02 -1.80
101.04 2.20
101.06 -3.80
101.08 -4.80
101.10 -3.80
101.12 3.20
101.14 -3.79
101.16 -4.79
101.18 -3.79
101.20 -7.79
101.22 2.21
101.24 6.21
101.26 -1.79
101.28 -7.79
101.30 5.21
101.32 -0.78
101.34 -1.78
101.36 -4.78
101.38 -0.78
101.40 -0.78
101.42 -3.78
101.44 -3.78
101.46 -1.78
101.48 -3.78
101.50 -0.77
101.52 -1.77
101.54 -3.77
101.56 7.23
101.58 -3.77
101.60 -3.77
101.62 -1.77
101.64 2.23
101.66 -3.77
101.68 -0.76
101.70 2.24
101.72 3.24
101.74 9.24
101.76 -1.76
101.78 -1.76
101.80 2.24
101.82 12.24
101.84 -1.76
101.86 -3.75
101.88 -1.75
101.90 11.25
101.92 2.25
101.94 2.25
101.96 3.25
101.98 7.25
102.00 5.25
102.02 11.25
102.04 2.25
102.06 7.26
102.08 8.26
102.10 11.26
102.12 2.26
102.14 9.26
102.16 15.26
102.18 2.26
102.20 10.26
102.22 11.26
102.24 3.26
102.26 9.27
102.28 13.27
102.30 13.27
102.32 19.27
102.34 13.27
102.36 13.27
102.38 9.27
102.40 6.27
102.42 2.27
102.44 13.27
102.46 15.27
102.48 18.28
102.50 18.28
102.52 10.28
102.54 11.28
102.56 9.28
102.58 10.28
102.60 15.28
102.62 15.28
102.64 5.28
102.66 8.28
102.68 13.28
102.70 12.29
102.72 9.29
102.74 20.29
102.76 14.29
102.78 3.29
102.80 14.29
102.82 16.29
102.84 3.29
102.86 7.29
102.88 8.29
102.90 5.29
102.92 10.29
102.94 5.30
102.96 2.30
102.98 9.30
103.00 9.30
103.02 2.30
103.04 2.30
103.06 5.30
103.08 5.30
103.10 3.30
103.12 8.30
103.14 10.30
103.16 -1.70
103.18 5.31
103.20 8.31
103.22 6.31
103.24 3.31
103.26 3.31
103.28 -1.69
103.30 3.31
103.32 2.31
103.34 2.31
103.36 7.31
103.38 6.31
103.40 1.31
103.42 8.31
103.44 2.31
103.46 2.32
103.48 2.32
103.50 8.32
103.52 2.32
103.54 6.32
103.56 2.32
103.58 2.32
103.60 2.32
103.62 7.32
103.64 -1.68
103.66 5.32
103.68 1.32
103.70 1.32
103.72 5.32
103.74 -0.68
103.76 -3.67
103.78 -4.67
103.80 5.33
103.82 -0.67
103.84 2.33
103.86 7.33
103.88 2.33
103.90 2.33
103.92 10.33
103.94 3.33
103.96 2.33
103.98 2.33
104.00 5.33
104.02 2.33
104.04 10.33
104.06 2.33
104.08 8.34
104.10 3.34
104.12 -0.66
104.14 2.34
104.16 9.34
104.18 2.34
104.20 2.34
104.22 12.34
104.24 2.34
104.26 10.34
104.28 6.34
104.30 10.34
104.32 11.34
104.34 16.34
104.36 6.34
104.38 18.34
104.40 14.34
104.42 18.34
104.44 20.34
104.46 11.34
104.48 15.35
104.50 16.35
104.52 15.35
104.54 20.35
104.56 11.35
104.58 16.35
104.60 11.35
104.62 18.35
104.64 19.35
104.66 12.35
104.68 23.35
104.70 22.35
104.72 28.35
104.74 33.35
104.76 20.35
104.78 29.35
104.80 19.35
104.82 36.35
104.84 26.35
104.86 18.35
104.88 25.35
104.90 37.35
104.92 32.35
104.94 30.35
104.96 18.35
104.98 43.35
105.00 40.36
105.02 45.36
105.04 48.36
105.06 50.36
105.08 50.36
105.10 63.36
105.12 56.36
105.14 51.36
105.16 51.36
105.18 51.36
105.20 53.36
105.22 67.36
105.24 48.36
105.26 70.36
105.28 50.36
105.30 58.36
105.32 76.36
105.34 78.36
105.36 70.36
105.38 54.36
105.40 72.36
105.42 58.36
105.44 59.36
105.46 61.36
105.48 67.36
105.50 51.36
105.52 68.36
105.54 56.36
105.56 59.36
105.58 58.36
105.60 37.36
105.62 56.36
105.64 56.36
105.66 56.36
105.68 51.36
105.70 56.36
105.72 43.36
105.74 61.36
105.76 42.36
105.78 45.36
105.80 35.36
105.82 39.36
105.84 32.36
105.86 50.36
105.88 50.36
105.90 33.36
105.92 33.36
105.94 35.36
105.96 50.36
105.98 36.36
106.00 30.36
106.02 30.36
106.04 29.36
106.06 32.36
106.08 33.36
106.10 29.36
106.12 26.36
106.14 29.36
106.16 33.36
106.18 28.36
106.20 42.36
106.22 25.36
106.24 25.36
106.26 28.36
106.28 14.36
106.30 25.36
106.32 33.36
106.34 26.36
106.36 26.36
106.38 26.36
106.40 29.36
106.42 32.36
106.44 23.36
106.46 16.36
106.48 24.36
106.50 23.36
106.52 10.36
106.54 17.36
106.56 14.36
106.58 14.36
106.60 15.36
106.62 29.36
106.64 17.36
106.66 17.36
106.68 16.36
106.70 11.36
106.72 11.36
106.74 9.36
106.76 13.36
106.78 9.36
106.80 3.36
106.82 12.36
106.84 14.36
106.86 16.36
106.88 7.36
106.90 17.36
106.92 2.36
106.94 9.36
106.96 10.36
106.98 6.36
107.00 2.36
107.02 13.36
107.04 8.36
107.06 8.36
107.08 2.36
107.10 8.35
107.12 2.35
107.14 -0.65
107.16 -1.65
107.18 17.35
107.20 -0.65
107.22 2.35
107.24 2.35
107.26 7.35
107.28 2.35
107.30 -0.65
107.32 2.35
107.34 11.35
107.36 8.35
107.38 2.35
107.40 9.35
107.42 3.35
107.44 -0.65
107.46 -1.65
107.48 -4.65
107.50 -1.65
107.52 -7.65
107.54 -4.65
107.56 1.34
107.58 5.34
107.60 2.34
107.62 -0.66
107.64 -4.66
107.66 -3.66
107.68 5.34
107.70 -1.66
107.72 2.34
107.74 5.34
107.76 2.34
107.78 2.34
107.80 6.34
107.82 -1.66
107.84 2.34
107.86 -0.66
107.88 2.34
107.90 -1.66
107.92 2.33
107.94 -1.67
107.96 9.33
107.98 1.33
108.00 11.33
108.02 -3.67
108.04 -4.67
108.06 -1.67
108.08 -1.67
108.10 7.33
108.12 -1.67
108.14 6.33
108.16 2.33
108.18 -1.67
108.20 2.32
108.22 -0.68
108.24 2.32
108.26 -0.68
108.28 1.32
108.30 -3.68
108.32 2.32
108.34 -3.68
108.36 6.32
108.38 -3.68
108.40 -1.68
108.42 5.32
108.44 -0.68
108.46 -0.69
108.48 -1.69
108.50 -1.69
108.52 -0.69
108.54 3.31
108.56 2.31
108.58 2.31
108.60 -3.69
108.62 -8.69
108.64 2.31
108.66 -0.69
108.68 -3.70
108.70 -6.70
108.72 -1.70
108.74 1.30
108.76 -3.70
108.78 3.30
108.80 5.30
108.82 -0.70
108.84 -1.70
108.86 2.30
108.88 -0.70
108.90 -3.71
108.92 3.29
108.94 -8.71
108.96 -1.71
108.98 -4.71
109.00 -3.71
109.02 -1.71
109.04 -0.71
109.06 -0.71
109.08 2.28
109.10 -3.72
109.12 -1.72
109.14 5.28
109.16 -3.72
109.18 1.28
109.20 -3.72
109.22 2.28
109.24 2.28
109.26 3.27
109.28 -0.73
109.30 -1.73
109.32 13.27
109.34 10.27
109.36 3.27
109.38 -3.73
109.40 11.27
109.42 -3.73
109.44 8.26
109.46 3.26
109.48 9.26
109.50 11.26
109.52 2.26
109.54 -0.74
109.56 2.26
109.58 6.26
109.60 2.25
109.62 -1.75
109.64 1.25
109.66 5.25
109.68 -1.75
109.70 3.25
109.72 5.25
109.74 3.24
109.76 3.24
109.78 2.24
109.80 12.24
109.82 9.24
109.84 10.24
109.86 2.24
109.88 14.24
109.90 13.23
109.92 5.23
109.94 9.23
109.96 13.23
109.98 17.23
110.00 11.23
110.02 10.23
110.04 18.22
110.06 15.22
110.08 9.22
110.10 10.22
110.12 24.22
110.14 10.22
110.16 7.21
110.18 14.21
110.20 17.21
110.22 13.21
110.24 20.21
110.26 20.21
110.28 14.21
110.30 14.20
110.32 11.20
110.34 24.20
110.36 18.20
110.38 23.20
110.40 18.20
110.42 17.19
110.44 18.19
110.46 33.19
110.48 14.19
110.50 25.19
110.52 15.19
110.54 20.18
110.56 20.18
110.58 15.18
110.60 12.18
110.62 11.18
110.64 11.18
110.66 23.17
110.68 16.17
110.70 24.17
110.72 19.17
110.74 19.17
110.76 6.17
110.78 24.16
110.80 22.16
110.82 18.16
110.84 5.16
110.86 13.16
110.88 7.15
110.90 10.15
110.92 18.15
110.94 12.15
110.96 16.15
110.98 2.14
111.00 22.14
111.02 12.14
111.04 6.14
111.06 17.14
111.08 7.14
111.10 9.13
111.12 15.13
111.14 9.13
111.16 2.13
111.18 13.13
111.20 7.12
111.22 5.12
111.24 5.12
111.26 5.12
111.28 10.12
111.30 2.11
111.32 10.11
111.34 16.11
111.36 5.11
111.38 6.11
111.40 7.10
111.42 3.10
111.44 8.10
111.46 2.10
111.48 11.10
111.50 6.09
111.52 3.09
111.54 3.09
111.56 1.09
111.58 8.08
111.60 -1.92
111.62 2.08
111.64 -3.92
111.66 -1.92
111.68 -1.93
111.70 2.07
111.72 -1.93
111.74 1.07
111.76 -3.94
111.78 -0.94
111.80 5.06
111.82 -1.94
111.84 5.06
111.86 -1.95
111.88 2.05
111.90 1.05
111.92 3.05
111.94 1.04
111.96 -4.96
111.98 2.04
112.00 -3.96
112.02 1.03
112.04 -1.97
112.06 -1.97
112.08 -1.97
112.10 -3.97
112.12 -1.98
112.14 3.02
112.16 -3.98
112.18 -1.98
112.20 -3.99
112.22 1.01
112.24 -7.99
112.26 5.01
112.28 -2.00
112.30 -2.00
112.32 -9.00
112.34 -4.00
112.36 -2.01
112.38 -4.01
112.40 1.99
112.42 -2.01
112.44 -5.02
112.46 -7.02
112.48 1.98
112.50 -10.02
112.52 -4.03
112.54 0.97
112.56 -7.03
112.58 -2.03
112.60 -1.04
112.62 -2.04
112.64 -5.04
112.66 -4.05
112.68 -5.05
112.70 -4.05
112.72 -2.05
112.74 -4.06
112.76 5.94
112.78 -4.06
112.80 2.94
112.82 -1.07
112.84 -2.07
112.86 -5.07
112.88 -8.07
112.90 -2.08
112.92 2.92
112.94 -9.08
112.96 -4.09
112.98 1.91
113.00 -5.09
113.02 -5.09
113.04 -2.10
113.06 -1.10
113.08 -4.10
113.10 -5.11
113.12 -10.11
113.14 1.89
113.16 -4.11
113.18 -2.12
113.20 1.88
113.22 -1.12
113.24 -2.13
113.26 1.87
113.28 -4.13
113.30 2.87
113.32 2.86
113.34 -5.14
113.36 7.86
113.38 -2.15
113.40 0.85
113.42 -1.15
113.44 -2.16
113.46 -4.16
113.48 -2.16
113.50 5.84
113.52 1.83
113.54 -4.17
113.56 -2.17
113.58 -1.18
113.60 -4.18
113.62 -7.18
113.64 -2.19
113.66 -2.19
113.68 2.81
113.70 1.80
113.72 -2.20
113.74 -5.20
113.76 -9.21
113.78 -2.21
113.80 -1.21
113.82 2.78
113.84 -7.22
113.86 -2.22
113.88 -5.22
113.90 1.77
113.92 -4.23
113.94 0.77
113.96 -1.24
113.98 0.76
114.00 -1.24
114.02 -4.25
114.04 -8.25
114.06 -5.25
114.08 -1.26
114.10 -2.26
114.12 -7.26
114.14 -1.27
114.16 -8.27
114.18 -7.27
114.20 -2.28
114.22 -4.28
114.24 -2.28
114.26 -2.29
114.28 -2.29
114.30 -2.29
114.32 5.70
114.34 -7.30
114.36 -4.31
114.38 -2.31
114.40 -2.31
114.42 -4.32
114.44 -7.32
114.46 -5.32
114.48 0.67
114.50 -8.33
114.52 -1.33
114.54 -8.34
114.56 -9.34
114.58 -8.34
114.60 0.65
114.62 1.65
114.64 -10.35
114.66 -2.36
114.68 -5.36
114.70 -4.37
114.72 -1.37
114.74 -2.37
114.76 -2.38
114.78 -9.38
114.80 -4.38
114.82 -2.39
114.84 -4.39
114.86 -4.40
114.88 -2.40
114.90 -4.40
114.92 -5.41
114.94 -5.41
114.96 -2.41
114.98 -7.42
115.00 -10.42
115.02 -4.43
115.04 -5.43
115.06 -2.43
115.08 -4.44
115.10 -2.44
115.12 -5.44
115.14 -4.45
115.16 -8.45
115.18 -2.46
115.20 -2.46
115.22 0.54
115.24 -4.47
115.26 -5.47
115.28 -4.48
115.30 -4.48
115.32 -4.48
115.34 -4.49
115.36 -2.49
115.38 -9.50
115.40 -2.50
115.42 -4.50
115.44 -10.51
115.46 -7.51
115.48 -2.52
115.50 -4.52
115.52 -4.52
115.54 0.47
115.56 -4.53
115.58 -2.54
115.60 -1.54
115.62 -8.54
115.64 -5.55
115.66 -7.55
115.68 -4.56
115.70 -4.56
115.72 -4.56
115.74 -4.57
115.76 -7.57
115.78 -7.58
115.80 -2.58
115.82 1.41
115.84 0.41
115.86 -2.59
115.88 -1.60
115.90 -5.60
115.92 1.39
115.94 -2.61
115.96 -4.61
115.98 -8.62
116.00 -9.62
116.02 -4.63
116.04 -4.63
116.06 -4.64
116.08 -9.64
116.10 -8.64
116.12 -2.65
116.14 -4.65
116.16 -4.66
116.18 -2.66
116.20 -8.67
116.22 -4.67
116.24 4.32
116.26 -5.68
116.28 0.32
116.30 -7.69
116.32 -9.69
116.34 1.30
116.36 -9.70
116.38 -2.71
116.40 0.29
116.42 0.28
116.44 -5.72
116.46 -8.72
116.48 -9.73
116.50 1.27
116.52 -4.74
116.54 -5.74
116.56 -1.75
116.58 -4.75
116.60 -2.76
116.62 -7.76
116.64 -2.77
116.66 -2.77
116.68 1.23
116.70 -2.78
116.72 -4.78
116.74 -1.79
116.76 0.21
116.78 -4.80
116.80 -4.80
116.82 2.19
116.84 -2.81
116.86 -2.82
116.88 -2.82
116.90 -7.83
116.92 0.17
116.94 -7.84
116.96 -7.84
116.98 1.15
117.00 0.15
117.02 2.15
117.04 -4.86
117.06 -4.86
117.08 -2.87
117.10 -4.87
117.12 1.12
117.14 -1.88
117.16 -2.89
117.18 -4.89
117.20 -2.90
117.22 -5.90
117.24 -4.91
117.26 2.09
117.28 -2.92
117.30 -2.92
117.32 -7.93
117.34 -5.93
117.36 -10.94
117.38 -4.94
117.40 -4.95
117.42 -2.95
117.44 0.04
117.46 -4.96
117.48 -4.97
117.50 5.03
117.52 -7.98
117.54 -2.98
117.56 -2.99
117.58 -9.99
117.60 -3.00
117.62 1.00
117.64 1.99
117.66 -2.01
117.68 -9.02
117.70 -2.02
117.72 -9.03
117.74 -6.03
117.76 -3.04
117.78 0.96
117.80 0.95
117.82 1.95
117.84 4.94
117.86 4.94
117.88 -6.07
117.90 -6.08
117.92 -3.08
117.94 -9.09
117.96 -10.09
117.98 5.90
118.00 -5.10
118.02 -10.11
118.04 -3.11
118.06 -3.12
118.08 3.88
118.10 1.87
118.12 -0.13
118.14 1.86
118.16 -0.14
118.18 6.85
118.20 -0.15
118.22 -5.16
118.24 0.83
118.26 -9.17
118.28 -3.18
118.30 -0.18
118.32 0.81
118.34 -6.19
118.36 -3.20
118.38 8.80
118.40 5.79
118.42 1.79
118.44 -0.22
118.46 5.77
118.48 0.77
118.50 -2.24
118.52 -2.24
118.54 0.75
118.56 -3.25
118.58 1.74
118.60 1.74
118.62 7.73
118.64 -3.28
118.66 -5.28
118.68 0.71
118.70 3.71
118.72 7.70
118.74 -3.30
118.76 1.69
118.78 5.69
118.80 1.68
118.82 4.67
118.84 8.67
118.86 12.66
118.88 0.66
118.90 4.65
118.92 7.65
118.94 -3.36
118.96 0.63
118.98 7.63
119.00 -3.38
119.02 8.62
119.04 6.61
119.06 -0.39
119.08 -2.40
119.10 8.59
119.12 -0.41
119.14 11.58
119.16 8.58
119.18 -8.43
119.20 5.56
119.22 0.56
119.24 1.55
119.26 8.55
119.28 -3.46
119.30 4.53
119.32 6.53
119.34 5.52
119.36 8.52
119.38 -0.49
119.40 6.51
119.42 1.50
119.44 0.49
119.46 -2.51
119.48 4.48
119.50 0.48
119.52 -0.53
119.54 0.46
119.56 -5.54
119.58 1.45
119.60 4.45
119.62 -0.56
119.64 3.43
119.66 -3.57
119.68 1.42
119.70 0.41
119.72 3.41
119.74 1.40
119.76 1.40
119.78 7.39
119.80 -5.62
119.82 4.38
119.84 3.37
119.86 6.37
119.88 8.36
119.90 3.35
119.92 4.35
119.94 -3.66
119.96 -3.66
119.98 4.33
120.00 -8.68
120.02 -2.68
120.04 0.31
120.06 4.30
120.08 7.30
120.10 0.29
120.12 -5.71
120.14 -3.72
120.16 3.27
120.18 5.27
120.20 -2.74
120.22 0.25
120.24 6.25
120.26 6.24
120.28 0.23
120.30 5.23
120.32 -2.78
120.34 6.22
120.36 4.21
120.38 4.20
120.40 0.20
120.42 0.19
120.44 4.18
120.46 -0.82
120.48 3.17
120.50 3.16
120.52 -2.84
120.54 5.15
120.56 -6.86
120.58 -2.86
120.60 -0.87
120.62 3.13
120.64 1.12
120.66 4.11
120.68 0.11
120.70 -2.90
120.72 1.09
120.74 3.09
120.76 10.08
120.78 7.07
120.80 -0.93
120.82 7.06
120.84 4.05
120.86 0.05
120.88 -0.96
120.90 3.03
120.92 6.03
120.94 7.02
120.96 8.01
120.98 5.01
121.00 5.00
121.02 9.99
121.04 6.99
121.06 13.98
121.08 2.97
121.10 -6.03
121.12 -1.04
121.14 10.95
121.16 10.95
121.18 9.94
121.20 13.93
121.22 5.93
121.24 2.92
121.26 -4.09
121.28 7.91
121.30 6.90
121.32 12.89
121.34 8.89
121.36 13.88
121.38 10.87
121.40 21.86
121.42 5.86
121.44 10.85
121.46 5.84
121.48 6.84
121.50 13.83
121.52 6.82
121.54 -0.18
121.56 17.81
121.58 13.80
121.60 4.80
121.62 29.79
121.64 15.78
121.66 25.78
121.68 16.77
121.70 19.76
121.72 16.75
121.74 23.75
121.76 22.74
121.78 21.73
121.80 36.73
121.82 20.72
121.84 17.71
121.86 23.71
121.88 26.70
121.90 26.69
121.92 26.68
121.94 37.68
121.96 33.67
121.98 30.66
122.00 23.66
122.02 32.65
122.04 39.64
122.06 27.63
122.08 42.63
122.10 26.62
122.12 33.61
122.14 36.61
122.16 26.60
122.18 26.59
122.20 42.58
122.22 34.58
122.24 53.57
122.26 55.56
122.28 45.56
122.30 33.55
122.32 56.54
122.34 45.53
122.36 43.53
122.38 22.52
122.40 30.51
122.42 39.51
122.44 39.50
122.46 20.49
122.48 30.48
122.50 47.48
122.52 26.47
122.54 37.46
122.56 30.45
122.58 21.45
122.60 33.44
122.62 37.43
122.64 27.43
122.66 36.42
122.68 32.41
122.70 22.40
122.72 20.40
122.74 39.39
122.76 30.38
122.78 21.37
122.80 33.37
122.82 33.36
122.84 33.35
122.86 13.34
122.88 26.34
122.90 27.33
122.92 36.32
122.94 26.31
122.96 19.31
122.98 21.30
123.00 22.29
123.02 19.28
123.04 26.28
123.06 10.27
123.08 20.26
123.10 13.25
123.12 33.25
123.14 11.24
123.16 30.23
123.18 17.22
123.20 15.22
123.22 11.21
123.24 21.20
123.26 7.19
123.28 15.19
123.30 10.18
123.32 15.17
123.34 17.16
123.36 6.16
123.38 19.15
123.40 10.14
123.42 2.13
123.44 14.13
123.46 8.12
123.48 7.11
123.50 17.10
123.52 6.10
123.54 8.09
123.56 -0.92
123.58 10.07
123.60 -0.94
123.62 13.06
123.64 6.05
123.66 11.04
123.68 4.03
123.70 2.03
123.72 13.02
123.74 4.01
123.76 6.00
123.78 7.00
123.80 10.99
123.82 3.98
123.84 8.97
123.86 -5.04
123.88 -2.04
123.90 -2.05
123.92 -1.06
123.94 1.93
123.96 7.93
123.98 -1.08
124.00 1.91
124.02 3.90
124.04 3.89
124.06 11.89
124.08 -4.12
124.10 4.87
124.12 -1.14
124.14 -0.15
124.16 3.85
124.18 -0.16
124.20 -1.17
124.22 -0.18
124.24 -0.18
124.26 -1.19
124.28 -4.20
124.30 -1.21
124.32 -2.22
124.34 -4.22
124.36 -1.23
124.38 -1.24
124.40 2.75
124.42 3.74
124.44 -1.26
124.46 8.73
124.48 -1.28
124.50 10.71
124.52 1.70
124.54 6.70
124.56 2.69
124.58 9.68
124.60 -1.33
124.62 1.66
124.64 4.66
124.66 8.65
124.68 2.64
124.70 -2.37
124.72 -1.38
124.74 -0.38
124.76 2.61
124.78 6.60
124.80 -0.41
124.82 2.58
124.84 -0.42
124.86 7.57
124.88 5.56
124.90 -1.45
124.92 -2.46
124.94 4.54
124.96 -0.47
124.98 3.52
125.00 3.51
125.02 4.50
125.04 -4.50
125.06 1.49
125.08 -4.52
125.10 5.47
125.12 2.46
125.14 3.45
125.16 -1.55
125.18 1.44
125.20 -5.57
125.22 -1.58
125.24 6.41
125.26 -0.59
125.28 1.40
125.30 -1.61
125.32 -2.62
125.34 6.37
125.36 -5.63
125.38 -5.64
125.40 1.35
125.42 7.34
125.44 5.33
125.46 -1.68
125.48 4.32
125.50 1.31
125.52 1.30
125.54 -0.71
125.56 -4.72
125.58 1.27
125.60 -0.73
125.62 -4.74
125.64 3.25
125.66 1.24
125.68 5.23
125.70 5.23
125.72 3.22
125.74 2.21
125.76 6.20
125.78 8.19
125.80 -1.82
125.82 2.18
125.84 -4.83
125.86 -0.84
125.88 6.15
125.90 12.14
125.92 -0.87
125.94 -1.87
125.96 4.12
125.98 9.11
126.00 -4.90
126.02 3.09
126.04 5.08
126.06 10.08
126.08 -1.93
126.10 7.06
126.12 8.05
126.14 7.04
126.16 1.03
126.18 8.03
126.20 9.02
126.22 5.01
126.24 4.00
126.26 12.99
126.28 -2.02
126.30 8.98
126.32 3.97
126.34 2.96
126.36 11.95
126.38 7.94
126.40 5.93
126.42 -2.08
126.44 6.92
126.46 11.91
126.48 5.90
126.50 12.89
126.52 14.88
126.54 -1.13
126.56 5.87
126.58 10.86
126.60 10.85
126.62 12.84
126.64 2.83
126.66 11.82
126.68 4.81
126.70 4.81
126.72 5.80
126.74 13.79
126.76 9.78
126.78 0.77
126.80 17.76
126.82 13.76
126.84 14.75
126.86 13.74
126.88 14.73
126.90 15.72
126.92 8.71
126.94 7.70
126.96 20.70
126.98 13.69
127.00 7.68
127.02 15.67
127.04 23.66
127.06 24.65
127.08 8.64
127.10 17.64
127.12 13.63
127.14 19.62
127.16 24.61
127.18 24.60
127.20 21.59
127.22 19.59
127.24 13.58
127.26 24.57
127.28 19.56
127.30 21.55
127.32 31.54
127.34 31.53
127.36 38.53
127.38 25.52
127.40 30.51
127.42 32.50
127.44 37.49
127.46 31.48
127.48 28.47
127.50 37.47
127.52 46.46
127.54 46.45
127.56 34.44
127.58 32.43
127.60 51.42
127.62 45.41
127.64 58.41
127.66 43.40
127.68 53.39
127.70 46.38
127.72 56.37
127.74 53.36
127.76 43.35
127.78 54.35
127.80 51.34
127.82 54.33
127.84 60.32
127.86 56.31
127.88 79.30
127.90 51.29
127.92 62.28
127.94 73.28
127.96 67.27
127.98 67.26
128.00 79.25
128.02 63.24
128.04 67.23
128.06 85.22
128.08 79.22
128.10 67.21
128.12 67.20
128.14 75.19
128.16 75.18
128.18 93.17
128.20 83.16
128.22 63.16
128.24 73.15
128.26 81.14
128.28 79.13
128.30 56.12
128.32 69.11
128.34 67.10
128.36 62.09
128.38 63.09
128.40 63.08
128.42 63.07
128.44 77.06
128.46 81.05
128.48 56.04
128.50 69.03
128.52 56.03
128.54 75.02
128.56 63.01
128.58 60.00
128.60 64.99
128.62 62.98
128.64 57.97
128.66 45.97
128.68 70.96
128.70 64.95
128.72 74.94
128.74 53.93
128.76 68.92
128.78 66.91
128.80 52.90
128.82 66.90
128.84 76.89
128.86 74.88
128.88 47.87
128.90 64.86
128.92 55.85
128.94 42.84
128.96 39.84
128.98 36.83
129.00 50.82
129.02 36.81
129.04 42.80
129.06 40.79
129.08 50.78
129.10 30.77
129.12 42.77
129.14 50.76
129.16 34.75
129.18 37.74
129.20 31.73
129.22 33.72
129.24 39.71
129.26 27.71
129.28 22.70
129.30 23.69
129.32 37.68
129.34 42.67
129.36 33.66
129.38 22.65
129.40 30.64
129.42 23.64
129.44 23.63
129.46 30.62
129.48 18.61
129.50 30.60
129.52 10.59
129.54 23.58
129.56 14.58
129.58 19.57
129.60 26.56
129.62 12.55
129.64 23.54
129.66 12.53
129.68 24.52
129.70 13.52
129.72 27.51
129.74 11.50
129.76 7.49
129.78 20.48
129.80 24.47
129.82 12.46
129.84 19.45
129.86 12.45
129.88 16.44
129.90 8.43
129.92 14.42
129.94 11.41
129.96 18.40
129.98 20.39
130.00 6.39
130.02 14.38
130.04 7.37
130.06 1.36
130.08 4.35
130.10 13.34
130.12 0.33
130.14 12.33
130.16 5.32
130.18 11.31
130.20 5.30
130.22 12.29
130.24 6.28
130.26 6.27
130.28 8.27
130.30 3.26
130.32 -7.75
130.34 2.24
130.36 9.23
130.38 3.22
130.40 1.21
130.42 6.21
130.44 -0.80
130.46 -0.81
130.48 1.18
130.50 8.17
130.52 12.16
130.54 0.15
130.56 3.15
130.58 -0.86
130.60 2.13
130.62 2.12
130.64 3.11
130.66 4.10
130.68 4.09
130.70 3.09
130.72 -4.92
130.74 -3.93
130.76 5.06
130.78 -2.95
130.80 3.04
130.82 8.03
130.84 -3.97
130.86 1.02
130.88 7.01
130.90 0.00
130.92 5.99
130.94 4.98
130.96 2.98
130.98 -4.03
131.00 -4.04
131.02 4.95
131.04 -3.06
131.06 -3.07
131.08 1.92
131.10 7.92
131.12 1.91
131.14 -7.10
131.16 0.89
131.18 0.88
131.20 -0.13
131.22 -8.13
131.24 -11.14
131.26 -4.15
131.28 7.84
131.30 -5.17
131.32 -0.18
131.34 0.81
131.36 -5.19
131.38 -10.20
131.40 1.79
131.42 -0.22
131.44 -3.23
131.46 2.76
131.48 5.76
131.50 4.75
131.52 -7.26
131.54 -10.27
131.56 3.72
131.58 2.71
131.60 0.71
131.62 -4.30
131.64 -8.31
131.66 -0.32
131.68 -8.33
131.70 -4.34
131.72 -4.34
131.74 0.65
131.76 -4.36
131.78 2.63
131.80 1.62
131.82 -4.39
131.84 0.61
131.86 -11.40
131.88 -5.41
131.90 -4.42
131.92 -8.43
131.94 -7.44
131.96 -8.44
131.98 -11.45
132.00 -8.46
132.02 -5.47
132.04 1.52
132.06 -5.49
132.08 -3.49
132.10 -3.50
132.12 -10.51
132.14 -0.52
132.16 -7.53
132.18 -7.53
132.20 -0.54
132.22 -4.55
132.24 -7.56
132.26 -1.57
132.28 -1.58
132.30 -10.58
132.32 -5.59
132.34 -8.60
132.36 -4.61
132.38 -5.62
132.40 -8.62
132.42 -13.63
132.44 -7.64
132.46 -3.65
132.48 -1.66
132.50 -7.66
132.52 -7.67
132.54 -11.68
132.56 -10.69
132.58 -10.70
132.60 -4.71
132.62 -10.71
132.64 -13.72
132.66 -10.73
132.68 -4.74
132.70 -8.75
132.72 -10.75
132.74 -8.76
132.76 -4.77
132.78 -4.78
132.80 -8.79
132.82 -3.79
132.84 -11.80
132.86 -8.81
132.88 -7.82
132.90 -13.83
132.92 -4.83
132.94 -10.84
132.96 -7.85
132.98 -7.86
133.00 -4.87
133.02 2.13
133.04 -13.88
133.06 -7.89
133.08 -5.90
133.10 -8.91
133.12 -4.91
133.14 -4.92
133.16 -4.93
133.18 -8.94
133.20 2.06
133.22 -8.95
133.24 -5.96
133.26 -1.97
133.28 -8.98
133.30 -8.98
133.32 -10.99
133.34 -11.00
133.36 -6.01
133.38 -5.01
133.40 -8.02
133.42 -15.03
133.44 -11.04
133.46 -6.05
133.48 -5.05
133.50 -1.06
133.52 -5.07
133.54 -1.08
133.56 -11.08
133.58 -11.09
133.60 -0.10
133.62 -5.11
133.64 -6.12
133.66 -15.12
133.68 -6.13
133.70 -8.14
133.72 -9.15
133.74 -16.15
133.76 -14.16
133.78 -12.17
133.80 -11.18
133.82 -11.18
133.84 -6.19
133.86 -8.20
133.88 -9.21
133.90 -0.21
133.92 -9.22
133.94 -9.23
133.96 -2.24
133.98 -4.24
134.00 -0.25
134.02 -11.26
134.04 -4.27
134.06 -4.27
134.08 -17.28
134.10 -2.29
134.12 -8.30
134.14 -5.30
134.16 -0.31
134.18 -9.32
134.20 -8.33
134.22 -11.33
134.24 -6.34
134.26 -11.35
134.28 -6.36
134.30 -14.36
134.32 -9.37
134.34 -5.38
134.36 -2.39
134.38 -8.39
134.40 -8.40
134.42 -2.41
134.44 -11.42
134.46 -11.42
134.48 -11.43
134.50 -11.44
134.52 -11.44
134.54 -5.45
134.56 -17.46
134.58 -6.47
134.60 0.53
134.62 -5.48
134.64 -6.49
134.66 -6.49
134.68 -11.50
134.70 -17.51
134.72 -9.52
134.74 -11.52
134.76 -14.53
134.78 -5.54
134.80 -11.54
134.82 -16.55
134.84 -5.56
134.86 -9.57
134.88 -15.57
134.90 -9.58
134.92 -4.59
134.94 -9.59
134.96 -5.60
134.98 -9.61
135.00 -1.62
135.02 -0.62
135.04 -5.63
135.06 -6.64
135.08 -9.64
135.10 -6.65
135.12 -5.66
135.14 -9.66
135.16 -6.67
135.18 -8.68
135.20 -5.68
135.22 -9.69
135.24 -14.70
135.26 -5.70
135.28 -5.71
135.30 -9.72
135.32 -11.73
135.34 -11.73
135.36 -9.74
135.38 -1.75
135.40 4.25
135.42 -9.76
135.44 -5.77
135.46 -8.77
135.48 -8.78
135.50 -5.79
135.52 -9.79
135.54 -11.80
135.56 -11.81
135.58 -2.81
135.60 3.18
135.62 -5.83
135.64 -9.83
135.66 -9.84
135.68 -8.85
135.70 -6.85
135.72 -8.86
135.74 -9.87
135.76 -11.87
135.78 -9.88
135.80 -8.88
135.82 -12.89
135.84 -11.90
135.86 -5.90
135.88 -5.91
135.90 -2.92
135.92 -14.92
135.94 -8.93
135.96 -11.94
135.98 -11.94
136.00 -5.95
136.02 -9.96
136.04 -11.96
136.06 -11.97
136.08 -5.97
136.10 -12.98
136.12 -11.99
136.14 -12.99
136.16 -10.00
136.18 -10.01
136.20 -10.01
136.22 -10.02
136.24 -9.02
136.26 -10.03
136.28 -6.04
136.30 -10.04
136.32 -1.05
136.34 -12.06
136.36 -10.06
136.38 -5.07
136.40 -15.07
136.42 -3.08
136.44 -6.09
136.46 -5.09
136.48 -0.10
136.50 -12.10
136.52 -9.11
136.54 -3.12
136.56 -7.12
136.58 -0.13
136.60 -6.13
136.62 -6.14
136.64 -10.15
136.66 -9.15
136.68 -6.16
136.70 -6.16
136.72 -10.17
136.74 -5.17
136.76 -9.18
136.78 1.81
136.80 -10.19
136.82 -13.20
136.84 0.80
136.86 -10.21
136.88 1.79
136.90 -9.22
136.92 -6.23
136.94 -5.23
136.96 -9.24
136.98 -6.24
137.00 -7.25
137.02 -10.25
137.04 -2.26
137.06 1.73
137.08 0.73
137.10 -6.28
137.12 -2.28
137.14 -0.29
137.16 -0.29
137.18 -6.30
137.20 -0.30
137.22 -12.31
137.24 -1.31
137.26 -1.32
137.28 -7.33
137.30 -0.33
137.32 -12.34
137.34 -1.34
137.36 -3.35
137.38 -10.35
137.40 -10.36
137.42 3.64
137.44 -1.37
137.46 -9.37
137.48 1.62
137.50 -0.38
137.52 -9.39
137.54 -1.39
137.56 -12.40
137.58 -3.40
137.60 -3.41
137.62 -6.41
137.64 1.58
137.66 1.57
137.68 2.57
137.70 0.56
137.72 -12.44
137.74 -5.45
137.76 -6.45
137.78 -7.46
137.80 -3.46
137.82 -6.47
137.84 -0.47
137.86 -1.47
137.88 -9.48
137.90 2.52
137.92 8.51
137.94 -2.49
137.96 -6.50
137.98 -5.50
138.00 -1.51
138.02 -3.51
138.04 1.48
138.06 1.48
138.08 6.47
138.10 -7.53
138.12 2.46
138.14 0.46
138.16 9.45
138.18 -2.55
138.20 2.44
138.22 5.44
138.24 1.44
138.26 -2.57
138.28 3.43
138.30 7.42
138.32 3.42
138.34 10.41
138.36 0.41
138.38 0.40
138.40 -6.60
138.42 7.40
138.44 1.39
138.46 -1.61
138.48 0.38
138.50 3.38
138.52 15.37
138.54 9.37
138.56 5.37
138.58 15.36
138.60 14.36
138.62 13.35
138.64 0.35
138.66 5.34
138.68 2.34
138.70 15.34
138.72 15.33
138.74 9.33
138.76 11.32
138.78 4.32
138.80 15.32
138.82 7.31
138.84 9.31
138.86 7.30
138.88 20.30
138.90 13.30
138.92 5.29
138.94 9.29
138.96 8.28
138.98 7.28
139.00 15.28
139.02 4.27
139.04 11.27
139.06 11.27
139.08 13.26
139.10 5.26
139.12 4.25
139.14 11.25
139.16 13.25
139.18 19.24
139.20 5.24
139.22 8.24
139.24 6.23
139.26 1.23
139.28 13.23
139.30 17.22
139.32 2.22
139.34 7.21
139.36 9.21
139.38 5.21
139.40 2.20
139.42 16.20
139.44 3.20
139.46 5.19
139.48 9.19
139.50 1.19
139.52 8.18
139.54 -0.82
139.56 4.18
139.58 4.18
139.60 6.17
139.62 4.17
139.64 5.17
139.66 5.16
139.68 -0.84
139.70 -1.84
139.72 4.15
139.74 3.15
139.76 9.15
139.78 11.14
139.80 0.14
139.82 5.14
139.84 -2.86
139.86 5.13
139.88 9.13
139.90 -0.87
139.92 4.12
139.94 0.12
139.96 9.12
139.98 8.12
140.00 -5.89
140.02 5.11
140.04 4.11
140.06 1.10
140.08 -2.90
140.10 3.10
140.12 9.10
140.14 7.09
140.16 -3.91
140.18 6.09
140.20 8.09
140.22 2.08
140.24 4.08
140.26 2.08
140.28 1.08
140.30 -1.93
140.32 -0.93
140.34 4.07
140.36 9.07
140.38 -3.94
140.40 5.06
140.42 -2.94
140.44 1.06
140.46 2.06
140.48 -3.95
140.50 6.05
140.52 6.05
140.54 1.05
140.56 4.04
140.58 2.04
140.60 5.04
140.62 0.04
140.64 -6.96
140.66 -9.97
140.68 3.03
140.70 3.03
140.72 9.03
140.74 15.03
140.76 -1.98
140.78 4.02
140.80 7.02
140.82 -6.98
140.84 1.02
140.86 0.02
140.88 1.01
140.90 9.01
140.92 1.01
140.94 3.01
140.96 -2.99
140.98 -1.99
141.00 -1.00
141.02 6.00
141.04 3.00
141.06 3.00
141.08 2.00
141.10 -1.00
141.12 -1.00
141.14 0.99
141.16 9.99
141.18 -0.01
141.20 -0.01
141.22 -0.01
141.24 8.99
141.26 7.99
141.28 -2.02
141.30 -3.02
141.32 4.98
141.34 0.98
141.36 -1.02
141.38 -2.02
141.40 -8.02
141.42 5.98
141.44 4.98
141.46 2.97
141.48 10.97
141.50 2.97
141.52 2.97
141.54 12.97
141.56 3.97
141.58 2.97
141.60 8.97
141.62 -4.03
141.64 -1.03
141.66 1.97
141.68 6.97
141.70 4.96
141.72 0.96
141.74 4.96
141.76 5.96
141.78 5.96
141.80 5.96
141.82 3.96
141.84 14.96
141.86 0.96
141.88 0.96
141.90 8.96
141.92 -0.04
141.94 -0.04
141.96 8.96
141.98 3.96
142.00 18.96
142.02 6.96
142.04 8.96
142.06 9.96
142.08 13.96
142.10 12.96
142.12 10.96
142.14 7.96
142.16 9.96
142.18 16.96
142.20 13.96
142.22 8.96
142.24 8.96
142.26 14.96
142.28 14.96
142.30 14.96
142.32 10.96
142.34 14.96
142.36 8.96
142.38 8.96
142.40 19.96
142.42 19.96
142.44 15.96
142.46 12.96
142.48 16.96
142.50 12.96
142.52 18.96
142.54 23.96
142.56 14.96
142.58 15.96
142.60 18.96
142.62 25.96
142.64 10.96
142.66 20.96
142.68 19.96
142.70 27.96
142.72 26.96
142.74 35.96
142.76 10.96
142.78 29.97
142.80 14.97
142.82 22.97
142.84 25.97
142.86 19.97
142.88 26.97
142.90 32.97
142.92 23.97
142.94 23.97
142.96 23.97
142.98 29.97
143.00 25.98
143.02 26.98
143.04 20.98
143.06 35.98
143.08 35.98
143.10 25.98
143.12 35.98
143.14 38.98
143.16 22.98
143.18 35.99
143.20 33.99
143.22 49.99
143.24 44.99
143.26 32.99
143.28 44.99
143.30 41.99
143.32 24.00
143.34 42.00
143.36 41.00
143.38 39.00
143.40 23.00
143.42 42.00
143.44 39.01
143.46 28.01
143.48 63.01
143.50 42.01
143.52 45.01
143.54 50.01
143.56 36.02
143.58 47.02
143.60 34.02
143.62 42.02
143.64 54.02
143.66 33.03
143.68 44.03
143.70 36.03
143.72 41.03
143.74 52.03
143.76 33.04
143.78 19.04
143.80 34.04
143.82 24.04
143.84 33.04
143.86 44.05
143.88 24.05
143.90 34.05
143.92 34.05
143.94 36.06
143.96 42.06
143.98 33.06
144.00 34.06
144.02 41.07
144.04 33.07
144.06 37.07
144.08 30.07
144.10 33.08
144.12 36.08
144.14 26.08
144.16 49.08
144.18 50.09
144.20 33.09
144.22 28.09
144.24 30.10
144.26 39.10
144.28 39.10
144.30 36.10
144.32 44.11
144.34 47.11
144.36 36.11
144.38 42.12
144.40 39.12
144.42 36.12
144.44 30.13
144.46 47.13
144.48 28.13
144.50 23.13
144.52 31.14
144.54 33.14
144.56 36.14
144.58 24.15
144.60 34.15
144.62 30.15
144.64 42.16
144.66 30.16
144.68 30.17
144.70 42.17
144.72 23.17
144.74 21.18
144.76 20.18
144.78 21.18
144.80 30.19
144.82 27.19
144.84 20.19
144.86 30.20
144.88 28.20
144.90 33.21
144.92 28.21
144.94 27.21
144.96 19.22
144.98 26.22
145.00 33.23
145.02 26.23
145.04 24.23
145.06 30.24
145.08 31.24
145.10 23.25
145.12 37.25
145.14 27.25
145.16 20.26
145.18 20.26
145.20 19.27
145.22 31.27
145.24 15.28
145.26 30.28
145.28 27.28
145.30 20.29
145.32 21.29
145.34 14.30
145.36 13.30
145.38 15.31
145.40 15.31
145.42 16.32
145.44 13.32
145.46 27.33
145.48 16.33
145.50 19.33
145.52 20.34
145.54 13.34
145.56 16.35
145.58 15.35
145.60 15.36
145.62 19.36
145.64 5.37
145.66 10.37
145.68 5.38
145.70 9.38
145.72 19.39
145.74 10.39
145.76 9.40
145.78 24.40
145.80 9.41
145.82 10.42
145.84 9.42
145.86 9.43
145.88 2.43
145.90 2.44
145.92 27.44
145.94 9.45
145.96 5.45
145.98 14.46
146.00 -1.54
146.02 9.47
146.04 10.48
146.06 -5.52
146.08 15.49
146.10 10.49
146.12 15.50
146.14 19.50
146.16 6.51
146.18 10.52
146.20 4.52
146.22 1.53
146.24 10.53
146.26 6.54
146.28 13.54
146.30 15.55
146.32 6.56
146.34 6.56
146.36 9.57
146.38 9.58
146.40 2.58
146.42 1.59
146.44 1.59
146.46 5.60
146.48 -5.39
146.50 9.61
146.52 9.62
146.54 -5.37
146.56 6.63
146.58 7.64
146.60 -5.35
146.62 -6.35
146.64 3.66
146.66 0.66
146.68 3.67
146.70 4.68
146.72 9.68
146.74 6.69
146.76 6.70
146.78 -0.29
146.80 3.71
146.82 -3.28
146.84 -3.27
146.86 -6.27
146.88 -2.26
146.90 2.75
146.92 2.75
146.94 1.76
146.96 9.77
146.98 7.77
147.00 8.78
147.02 0.79
147.04 -2.20
147.06 2.80
147.08 -0.19
147.10 -1.18
147.12 7.83
147.14 0.83
147.16 0.84
147.18 -2.15
147.20 1.86
147.22 -5.14
147.24 -7.13
147.26 3.88
147.28 1.89
147.30 -1.11
147.32 -3.10
147.34 -6.09
147.36 -2.08
147.38 0.92
147.40 -1.07
147.42 2.94
147.44 2.95
147.46 -10.04
147.48 3.96
147.50 -6.03
147.52 -5.02
147.54 -2.01
147.56 -0.00
147.58 2.00
147.60 -6.99
147.62 5.02
147.64 -2.97
147.66 -6.96
147.68 -4.96
147.70 -6.95
147.72 -5.94
147.74 -5.93
147.76 -5.92
147.78 -8.91
147.80 10.09
147.82 -6.90
147.84 -5.89
147.86 0.12
147.88 -5.87
147.90 1.14
147.92 -5.85
147.94 -1.85
147.96 0.16
147.98 -5.83
148.00 -0.82
148.02 -5.81
148.04 -0.80
148.06 -0.79
148.08 -2.78
148.10 -5.77
148.12 2.23
148.14 5.24
148.16 -5.75
148.18 -5.74
148.20 -2.73
148.22 -5.72
148.24 0.29
148.26 -5.70
148.28 -1.69
148.30 -8.68
148.32 -5.67
148.34 -9.66
148.36 -9.66
148.38 -1.65
148.40 -4.64
148.42 -0.63
148.44 0.38
148.46 -9.61
148.48 6.40
148.50 -8.59
148.52 -5.58
148.54 -8.57
148.56 -0.56
148.58 -4.55
148.60 -5.54
148.62 -9.53
148.64 -9.52
148.66 -1.51
148.68 -6.50
148.70 -9.49
148.72 -4.48
148.74 -2.47
148.76 -0.46
148.78 -0.45
148.80 -1.44
148.82 -5.43
148.84 -9.42
148.86 -0.41
148.88 -1.40
148.90 -0.39
148.92 -5.38
148.94 -6.37
148.96 -5.36
148.98 -0.35
149.00 -9.34
149.02 -5.33
149.04 -1.32
149.06 -1.31
149.08 -6.30
149.10 -6.29
149.12 2.72
149.14 -11.27
149.16 -9.25
149.18 -9.24
149.20 -5.23
149.22 -1.22
149.24 -0.21
149.26 -5.20
149.28 -5.19
149.30 0.82
149.32 -4.17
149.34 -9.16
149.36 -6.15
149.38 -6.14
149.40 -5.12
149.42 -5.11
149.44 -8.10
149.46 -5.09
149.48 -9.08
149.50 -9.07
149.52 -8.06
149.54 -5.05
149.56 -5.03
149.58 -5.02
149.60 -4.01
149.62 -9.00
149.64 4.01
149.66 -8.98
149.68 -1.97
149.70 -8.95
149.72 -8.94
149.74 -13.93
149.76 -4.92
149.78 -0.91
149.80 -5.90
149.82 -5.88
149.84 -8.87
149.86 -4.86
149.88 -5.85
149.90 -10.84
149.92 -5.83
149.94 -4.81
149.96 -4.80
149.98 2.21
150.00 -8.78
